>ENSG00000152430	12	BOLL	monomeric
0.09533898305084745	0.026483050847457626	0.3802966101694915	0.4978813559322034
0.1289550196682059	0.06310928681375064	0.24080725158200786	0.5671284419360356
0.08423493044822257	0.008500772797527048	0.6406491499227203	0.26661514683153015
0.045454545454545456	0.008937691521961185	0.0988253319713994	0.8467824310520939
0.03574307981725343	0.017737167428110722	0.05536146197258801	0.8911582907820479
0.10046278441959121	0.001349787890474354	0.6394138064018512	0.2587736212880833
0.07860173772479288	0.0662760153566377	0.18508789654475652	0.6700343503738129
0.030049706281066426	0.0018075011296882061	0.7492092182557614	0.21893357433348395
0.020546163849154746	0.0005201560468140442	0.1165149544863459	0.8624187256176853
0.03158418303904501	0.005222581447401144	0.1385227555334494	0.8246704799801045
0.20678362573099415	0.017543859649122806	0.4269005847953216	0.3487719298245614
0.1601572095308278	0.025546548759518548	0.40555146155735694	0.40874478015229676
>ENSG00000153048	14	CARHSP1	dimeric
0.006138735420503376	0.0	0.9938612645794966	0.0
0.0	0.8702081051478642	0.00547645125958379	0.12431544359255203
0.001212856276531231	0.9830200121285627	0.010309278350515464	0.005457853244390539
0.968129885748647	0.0	0.0	0.03187011425135298
0.0255496137849079	0.008318478906714201	0.023767082590612002	0.942364824717766
0.0	0.001841620626151013	0.998158379373849	0.0
0.998159509202454	0.0	0.001226993865030675	0.0006134969325153375
0.0	0.0	0.0	1.0
0.0	0.9993857493857494	0.0006142506142506142	0.0
0.9360675512665863	0.0	0.06393244873341375	0.0
0.016314199395770394	0.0	0.0006042296072507553	0.9830815709969789
0.0012224938875305623	0.0	0.9920537897310513	0.006723716381418093
0.6211685823754789	0.01867816091954023	0.23659003831417624	0.1235632183908046
0.19613821138211382	0.0665650406504065	0.13871951219512196	0.5985772357723578
>ENSG00000153048	15	CARHSP1	monomeric
0.11473646468268196	0.11007529580494801	0.10039440659734672	0.6747938329150233
0.09840326773115485	0.0850352766431489	0.09691793538804308	0.7196435202376532
0.03980099502487562	0.0013568521031207597	0.9516056083220262	0.007236544549977386
0.0	0.9750692520775623	0.0	0.024930747922437674
0.0	0.9967182372245663	0.0	0.0032817627754336614
0.0012229922543823889	0.1651039543416225	0.00040766408479412964	0.833265389319201
0.0	0.0	0.0	1.0
0.00046992481203007516	0.0	0.9995300751879699	0.0
0.0	0.0	0.0	1.0
0.0	0.999529854254819	0.0	0.0004701457451810061
0.0	0.9929971988795518	0.0	0.0070028011204481795
0.0	0.9309107222969941	0.0	0.06908927770300584
0.005004549590536852	0.009099181073703366	0.9645131938125568	0.021383075523202913
0.5607705779334501	0.03677758318739054	0.2798598949211909	0.12259194395796848
0.10730253353204174	0.10134128166915052	0.12183308494783905	0.6695230998509687
>ENSG00000149187	11	CELF1	dimeric
0.20835664987875396	0.068084312628241	0.17645961574333147	0.5470994217496735
0.14516446720504234	0.014181603309040771	0.5777033681307859	0.262950561355131
0.06655206286836936	0.1299115913555992	0.08325147347740668	0.7202848722986247
0.09458874458874458	0.012987012987012988	0.6348484848484849	0.25757575757575757
0.06226792345044273	0.01342473578977435	0.08654670094258783	0.8377606398171951
0.13842482100238662	0.014660756904193658	0.3876576883736788	0.4592567337197409
0.20059561795362688	0.025739204424590514	0.14975537119761753	0.623909806424165
0.12853013119857684	0.00578163219924394	0.6522125861685568	0.2134756504336224
0.06404657933042213	0.01222707423580786	0.06986899563318777	0.8538573508005822
0.07423144213946513	0.01324668832791802	0.7330667333166708	0.17945513621594603
0.041536273115220484	0.017923186344238975	0.10611664295874822	0.8344238975817924
>ENSG00000159409	11	CELF3	dimeric
0.1910418213313536	0.03588220737441227	0.31724820588963126	0.45582776540460285
0.047707271885132005	0.0	0.8531727651690597	0.09911996294580824
0.07013469577333953	0.0	0.07431490942870414	0.8555503947979564
0.02254283137962128	0.006762849413886384	0.830477908025248	0.14021641118124437
0.16466234967622573	0.0	0.26734505087881594	0.5679925994449584
0.19055374592833876	0.0010857763300760044	0.4761129207383279	0.3322475570032573
0.22938408021280948	0.006138735420503376	0.3875588295477798	0.3769183548189073
0.0577019568489714	0.0	0.924234821876568	0.01806322127446061
0.05004277159965783	0.014970059880239521	0.14713430282292558	0.787852865697177
0.019230769230769232	0.004807692307692308	0.885576923076923	0.09038461538461538
0.0959239963224027	0.010113392583512106	0.329451425068955	0.5645111860251303
>ENSG00000101489	10	CELF4	dimeric
0.25503045966402066	0.04393575779952003	0.16152852132176482	0.5395052612146944
0.034250129735339904	0.016865594187856773	0.7583030617540218	0.19058121432278152
0.08743091965424402	0.0238061499220632	0.060507297718577296	0.8282556327051155
0.14016786570743406	0.0028776978417266188	0.7008393285371702	0.15611510791366906
0.10908205502800097	0.006817628439250061	0.17251034818602387	0.711589968346725
0.3269982722560698	0.008729653541875057	0.1327634809493498	0.5315085932527053
0.05497244817633167	0.0019679874048806087	0.7668590921018106	0.17620047231697716
0.054786181707502664	0.013848729264952063	0.04185055547100898	0.8895145335565363
0.0738073807380738	0.005143371480005143	0.7515751575157515	0.16947409026616947
0.18247200246583786	0.030720230144867976	0.1862735025172095	0.6005342648720846
>ENSG00000060138	8	CSDA	monomeric
0.061694290976058934	0.13904235727440148	0.1261510128913444	0.6731123388581952
0.7670514165792235	0.007345225603357817	0.11752360965372508	0.1080797481636936
0.8733572281959379	0.12066905615292713	0.0	0.005973715651135006
0.0	0.8278595696489242	0.17214043035107587	0.0
0.9891745602165088	0.0040595399188092015	0.006765899864682003	0.0
0.041820418204182044	0.033210332103321034	0.025830258302583026	0.8991389913899139
0.0	1.0	0.0	0.0
0.48830995323981297	0.033400133600534405	0.2678690714762859	0.21042084168336672
>ENSG00000101811	14	CSTF2	monomeric
0.5173275393807714	0.02020640956002173	0.36404128191200436	0.0984247691472026
0.6797740835464621	0.010017050298380221	0.23156436487638535	0.07864450127877237
0.026445770734719078	0.0030870549495781024	0.8569664540028813	0.11350072031282157
0.08570071258907364	0.0036104513064133016	0.7424228028503563	0.16826603325415676
0.03155737704918033	0.905327868852459	0.01209016393442623	0.05102459016393442
0.0	0.0029115341545352742	0.9954087346024636	0.0016797312430011197
0.0	0.004704828049736754	0.0	0.9952951719502633
0.9708461201227532	0.00021920210434020167	0.027290661990355108	0.0016440157825515125
0.0003362474781439139	0.0010087424344317419	0.9967496077112755	0.0019054023761488456
0.004067274925799714	0.9665823897988348	0.0024183796856106408	0.026931955589754863
0.0	0.000449842555105713	0.9995501574448943	0.0
0.010310409125808929	0.012394427991663924	0.014478446857518921	0.9628167160250082
0.06354026090868196	0.4330859199280252	0.0620782726045884	0.44129554655870445
0.25598920256439095	0.10280058486109549	0.30660218198177935	0.33460803059273425
>ENSG00000177613	10	CSTF2T	monomeric
0.013878180416345412	0.9430854419289268	0.023761127076470177	0.01927525057825752
0.0009630342988369509	0.00022223868434698867	0.9967404992962442	0.0020742277205718944
0.0	0.00406864920846279	0.0005918035212309513	0.9953395472703063
0.9966666666666667	0.00037037037037037035	0.002962962962962963	0.0
0.00014862153526045923	0.0	0.9998513784647396	0.0
0.004500254046599404	0.9766277128547579	0.016549321332655877	0.0023227117659867895
0.003259500703755834	0.0	0.9967404992962442	0.0
0.039898772345466293	0.07258238208055137	0.1630411371957786	0.7244777083782038
0.09102514621619215	0.3994596680818217	0.10385060713119378	0.4056645785707924
0.2859946888350075	0.121204248931994	0.20442212215679484	0.38837894007620366
>ENSG00000205916	15	DAZ4	monomeric
0.0872945357618836	0.13771657041314972	0.6621501554864505	0.11283873833851621
0.09173871277617675	0.5367435158501441	0.07636887608069164	0.2951488952929875
0.047680082030248656	0.07741604716739298	0.02768520892078954	0.8472186618815688
0.004164625183733464	0.7474277315041646	0.005634492895639392	0.24277315041646252
0.0022123893805309734	0.005254424778761062	0.0002765486725663717	0.9922566371681416
0.9933646668509815	0.0049764998617638926	0.0013823610727121925	0.0002764722145424385
0.0	0.0	0.9966712898751734	0.00332871012482663
0.0	0.0	0.0	1.0
0.0	0.0	0.000277623542476402	0.9997223764575236
0.9991668980838656	0.0	0.0	0.0008331019161344071
0.019151846785225718	0.0	0.9764705882352941	0.004377564979480164
0.06449907480835317	0.43827650013217023	0.01586042823156225	0.48136399682791436
0.8558919189392044	0.015011258443832875	0.09056792594445834	0.03852889667250438
0.040912667191188044	0.01888276947285602	0.006031995803829006	0.934172567532127
0.054656345296739385	0.7593244194229416	0.03706310110250997	0.14895613417780906
>ENSG00000071626	10	DAZAP1	dimeric
0.157108850898074	0.011685782298203853	0.26076606795066004	0.5704392988530621
0.13326910725754657	0.0035324341682723185	0.016698779704560053	0.8464996788696211
0.9036681522111759	0.0006856359273225917	0.0332533424751457	0.06239286938635585
0.14149492463857274	0.0070747462319286376	0.8108274377114734	0.04060289141802522
0.06308296514482081	0.0	0.6470299459990182	0.28988708885616105
0.045891472868217056	0.0037209302325581397	0.1330232558139535	0.8173643410852713
0.13335425164731723	0.0028239723878255413	0.03671164104173204	0.8271101349231252
0.8075980392156863	0.0055147058823529415	0.05759803921568627	0.12928921568627452
0.2515576323987539	0.014537902388369679	0.6843198338525441	0.049584631360332296
0.0995562415589427	0.025853752652903725	0.5085857611421957	0.36600424464595793
>ENSG00000092345	10	DAZL	dimeric
0.10662824207492795	0.016714697406340056	0.47723342939481267	0.3994236311239193
0.04633920296570899	0.008341056533827619	0.17794253938832252	0.7673772011121409
0.21642363775901766	0.006907137375287797	0.14121258633921718	0.6354566385264774
0.22371495327102803	0.0040887850467289715	0.48364485981308414	0.2885514018691589
0.07567964731814843	0.0	0.31594415870683323	0.6083761939750184
0.26152980877390325	0.0044994375703037125	0.26827896512935884	0.46569178852643417
0.20893371757925072	0.001440922190201729	0.5965417867435159	0.1930835734870317
0.046493301812450746	0.0031520882584712374	0.2978723404255319	0.6524822695035462
0.15265998457979954	0.013878180416345412	0.19506553585196607	0.638396299151889
0.28063081277800245	0.023857662757784066	0.3348160129397493	0.3606955115244642
>ENSG00000066044	10	ELAVL1	monomeric
0.051721297973974636	0.027013671553286114	0.1536814363366826	0.7675835941360567
0.06426931905126243	0.007459831675592961	0.036916602907421575	0.891354246365723
0.060724431818181816	0.03622159090909091	0.07563920454545454	0.8274147727272727
0.44091210142870657	0.006433910492951084	0.12650203425111176	0.4261519538272306
0.06743476787529651	0.03778380210098272	0.10521856997627922	0.7895628600474416
0.06941007943742675	0.04531840083344185	0.6068498502409168	0.2784216694882146
0.2825573911177859	0.01909461488950869	0.4320961167131517	0.26625187727955374
0.01724941724941725	0.004545454545454545	0.43508158508158506	0.5431235431235432
0.044307245324132924	0.03214091156709642	0.07735609224623206	0.8461957508625386
0.08888888888888889	0.04203273040482343	0.06632213608957795	0.8027562446167097
>ENSG00000196361	7	ELAVL3	monomeric
0.2699195432130807	0.08967038671165325	0.41811575395795486	0.22229431611731118
0.11267605633802817	0.029049295774647887	0.14920774647887325	0.7090669014084507
0.053707099816609906	0.0015719151165837044	0.10060256746135708	0.8441184176054493
0.2011289985364834	0.046623458080702486	0.07861174994773155	0.6736357934350826
0.14278446667797184	0.05511276920468035	0.25572324910971683	0.546379515007631
0.20908702464036463	0.08061529696624413	0.2513886910696482	0.4589089873237431
0.1941619810982175	0.1150855365474339	0.3854528053594928	0.30529967699485583
>ENSG00000162374	10	ELAVL4	monomeric
0.13522012578616352	0.059748427672955975	0.3050314465408805	0.5
0.15894039735099338	0.006622516556291391	0.13245033112582782	0.7019867549668874
0.08169014084507042	0.0	0.022535211267605635	0.895774647887324
0.2275449101796407	0.05588822355289421	0.08183632734530938	0.6347305389221557
0.5204582651391162	0.019639934533551555	0.3780687397708674	0.08183306055646482
0.19327731092436976	0.0392156862745098	0.32212885154061627	0.44537815126050423
0.020737327188940093	0.0069124423963133645	0.23963133640552994	0.7327188940092166
0.03003003003003003	0.003003003003003003	0.012012012012012012	0.954954954954955
0.17142857142857143	0.05714285714285714	0.26666666666666666	0.5047619047619047
0.21774193548387097	0.11559139784946236	0.4274193548387097	0.239247311827957
>ENSG00000104413	10	ESRP1	dimeric
0.035333707234997194	0.017386427369601793	0.8283791362871564	0.11890072910824454
0.02099236641221374	0.013994910941475827	0.9395674300254453	0.02544529262086514
0.0465237846314689	0.028750653423941452	0.15263983272347098	0.7720857292211186
0.06578947368421052	0.020594965675057208	0.8449656750572082	0.06864988558352403
0.16195212931302455	0.04289710910786447	0.33602735467827166	0.4591234069008393
0.20105048147067406	0.04843886781441494	0.31952144733002624	0.4309892033848847
0.05634638196915777	0.018979833926453145	0.8760379596678529	0.04863582443653618
0.023693803159173753	0.015795868772782502	0.8973268529769137	0.06318347509113001
0.06775588659298415	0.03027390677558866	0.19221528111484862	0.7097549255165786
0.06818181818181818	0.02976190476190476	0.7992424242424242	0.10281385281385282
>ENSG00000104413	10	ESRP1	dimeric
0.022394071209924277	0.03141614306428226	0.820202996616723	0.1259867891090704
0.020268006700167505	0.03299832495812395	0.8527638190954774	0.09396984924623115
0.03571428571428571	0.045335942596216566	0.08871493803000652	0.8302348336594912
0.025298908334777336	0.005371686016288338	0.8821694680298042	0.08715993761913013
0.20223503965392933	0.04458062965633261	0.14143234799327084	0.6117519826964672
0.008745247148288974	0.005703422053231939	0.9678707224334601	0.017680608365019012
0.005357826253348641	0.004018369690011481	0.9741676234213548	0.016456180635285114
0.0076641700052255705	0.00870928409684724	0.0968472391569413	0.8867793067409859
0.031949458483754516	0.007220216606498195	0.9189530685920577	0.04187725631768953
0.20729231040875784	0.060474971307495365	0.2827756687560696	0.44945704952767723
>ENSG00000186834	11	HEXIM1	monomeric
0.11933633843353861	0.11912471165851904	0.6116437051615771	0.1498952447463653
0.19845255544609175	0.10707162938222362	0.4475094312420405	0.24696638392964412
0.3070349269259351	0.10509041367351994	0.37546445380232846	0.2124102055982165
0.12582706872765154	0.06044992538784244	0.5406706647520906	0.27305234113241544
0.0	0.9964832436905254	0.003240932285202041	0.00027582402427251415
0.08701347305389222	0.0	0.9013847305389222	0.011601796407185628
0.9966894268570247	0.0005862473274018898	0.0015863162976757017	0.001138009517897786
0.0	0.9946314268015692	0.005368573198430725	0.0
0.0002767208578346593	0.0	0.9997232791421653	0.0
0.0005531355873608519	0.00017285487105026619	0.9991702966189587	0.00010371292263015972
0.000687332462712214	0.006082892295003093	0.7875799023987903	0.2056498728434944
>ENSG00000168517	10	HEXIM2	monomeric
0.26022588522588525	0.07516788766788766	0.5302197802197802	0.13438644688644688
0.04994959215470626	0.06956282650536157	0.6005407387040601	0.27994684263587205
0.0	1.0	0.0	0.0
0.15327798803564888	0.015748992796972287	0.7999633744353559	0.031009644732022952
0.9994661378889567	0.0005338621110433191	0.0	0.0
0.0	1.0	0.0	0.0
0.0	0.0	1.0	0.0
0.0006862894616440446	0.0	0.9993137105383559	0.0
0.004829095299177545	0.006338187580170527	0.4669886063532785	0.5218441107673735
0.03563253471692355	0.28811231497024264	0.3052037234854265	0.37105142682740727
>ENSG00000177733	11	HNRNPA0	dimeric
0.12132213902125406	0.012026321760835035	0.3718326904167612	0.4948188488011497
0.02046806822689409	0.01943673145577152	0.051090836969456564	0.9090043633478778
0.8945272855023811	0.012335076899055351	0.04114294636583652	0.051994691232726986
0.03404843165935316	0.006257110352673493	0.9310905249471803	0.02860393304079311
0.07291163689039111	0.004989538065346854	0.6099307902784484	0.3121680347658136
0.09296093377798952	0.007622677465459742	0.21706765126250596	0.6823487374940448
0.02015959680806384	0.0020999580008399833	0.015287694246115077	0.9624527509449811
0.9677364864864865	0.0028716216216216218	0.006756756756756757	0.022635135135135136
0.029794238683127573	0.0018106995884773663	0.943045267489712	0.025349794238683127
0.08348560986751942	0.019015532206486982	0.6542941982640476	0.2432046596619461
0.1734895443089708	0.04604590967917717	0.22178325727130305	0.558681288740549
>ENSG00000177733	12	HNRNPA0	dimeric
0.10835593439235439	0.010202763786646004	0.3439235438460545	0.5375177579749452
0.011904761904761904	0.014396456256921373	0.029069767441860465	0.9446290143964563
0.9337712096332786	0.006568144499178982	0.02558839627805145	0.03407224958949097
0.01696592676374947	0.0021207408454686836	0.9647957019652198	0.016117630425561996
0.05541804180418042	0.00605060506050605	0.7400990099009901	0.19843234323432343
0.12881500426257458	0.007416879795396419	0.28201193520886614	0.5817561807331628
0.10752602081665333	0.004563650920736589	0.34155324259407527	0.5463570856685348
0.023464943094000282	0.0077279752704791345	0.009976113530982156	0.9588309681045384
0.9798966111430213	0.0002871912693854107	0.010338885697874785	0.009477311889718553
0.009816474605207	0.004268032437046522	0.9708351116801821	0.015080381277564376
0.07538716275445602	0.01256452712574267	0.664653745008279	0.24739456511152236
0.16248395004085445	0.0409711684370258	0.21442745418466208	0.5821174273374576
>ENSG00000139675	12	HNRNPA1L2	dimeric
0.1482812248619081	0.05534402316726551	0.3634364777175953	0.43293827425323106
0.14115849882333512	0.058668097931547	0.13409850955782174	0.6660748936872961
0.6423473433782713	0.029183187946074544	0.07085646312450436	0.25761300555114985
0.057315089465122954	0.005166969667974357	0.8824035977418428	0.055114343125059806
0.011319809666917105	0.0	0.9271725519659404	0.0615076383671425
0.014731193682292193	0.001569302419763086	0.0465222233471702	0.9371772805507745
0.005261773217574322	0.005261773217574322	0.00962904498816101	0.9798474085766904
0.96931877275091	0.0	0.006344253770150806	0.024336973478939157
0.03460725153437516	5.157563566970963e-05	0.9585331889215535	0.006807983908401671
0.031318923687692984	0.01421359603979807	0.8805077684654218	0.07395971180708719
0.06405256464603645	0.00741839762611276	0.6888935989826197	0.23963543874523102
0.47932992351367837	0.037914691943127965	0.1240673830416217	0.358688001501572
>ENSG00000170144	10	HNRNPA3	dimeric
0.15090853095164766	0.08530951647674777	0.10902371419772097	0.6547582383738836
0.5890828484344693	0.03851482405098365	0.06871709614851759	0.3036852313660294
0.043478260869565216	0.010451505016722408	0.8887959866220736	0.05727424749163879
0.02173084254670225	0.0	0.8105223027068242	0.1677468547464735
0.004215456674473068	0.0	0.0	0.9957845433255269
0.013345605154164749	0.008283479061205707	0.0	0.9783709157846295
0.8997037663986458	0.00042319085907744394	0.02158273381294964	0.07829030892932713
0.030397854269110416	0.0	0.9503799731783639	0.019222172552525705
0.04525605398967844	0.0023818975784041284	0.8439857086145296	0.10837633981738785
0.07092198581560284	0.024991556906450524	0.7180006754474839	0.18608578183046268
>ENSG00000092199	10	HNRNPC	monomeric
0.045117506597964055	0.0035189141636295085	0.1653889656905869	0.7859746135478195
0.0009555661729574773	0.0011148272017837235	0.0019111323459149545	0.9960184742793439
0.02232333285937722	0.0031281103369827953	0.08531210009953079	0.8892364567041092
0.0015910898965791568	0.00047732696897374703	0.002863961813842482	0.9950676213206047
0.0007316359379572724	0.0	0.08413813286508633	0.9151302311969564
0.011240940689247152	0.002810235172311788	0.9250110930335749	0.060937731104866145
0.009849184364419821	0.001692828562634657	0.9624499846106495	0.026008002462296093
0.10223070499821066	0.02707861147560539	0.12465704401765478	0.7460336395085292
0.01152827543231033	0.0024926000934725034	0.9742950615360648	0.01168406293815236
0.006262721152340692	0.0014091122592766556	0.9791764521684672	0.013151714419915453
>ENSG00000179172	10	HNRNPCL1	monomeric
0.26709470304975924	0.08667736757624397	0.5020866773675763	0.14414125200642056
0.21188043889519487	0.06129398410896708	0.13507377979568672	0.5917517972001514
0.05031753786028334	0.00537371763556424	0.1802638006839277	0.7640449438202247
0.009495548961424332	0.002967359050445104	0.05934718100890208	0.9281899109792285
0.009351620947630923	0.005610972568578554	0.00997506234413965	0.9750623441396509
0.02820796460176991	0.0005530973451327434	0.10619469026548672	0.8650442477876106
0.1959544879898862	0.03666245259165613	0.27307206068268014	0.4943109987357775
0.1486394557823129	0.03299319727891156	0.5319727891156463	0.2863945578231292
0.08750632271117856	0.014162873039959535	0.7910976226605969	0.10723318158826504
0.07745398773006135	0.039110429447852764	0.5996932515337423	0.2837423312883436
>ENSG00000104824	10	HNRNPL	dimeric
0.6209427499592236	0.027727939977165227	0.1608220518675583	0.19050725819605285
0.05652835934526075	0.7245907879710697	0.037685572896840505	0.1811952797868291
0.8878264925373134	0.0020988805970149254	0.05433768656716418	0.05573694029850746
0.10429791404171916	0.19067618647627047	0.17205655886882262	0.5329693406131877
0.24916157032945355	0.1933320181495364	0.0556322746103768	0.5018741369106332
0.6358011521228931	0.033283550245359506	0.15446981011307873	0.17644548751866865
0.06849049282110982	0.7386495925494762	0.044819557625145515	0.14804035700426854
0.9229090909090909	0.024969696969696968	0.011151515151515152	0.04096969696969697
0.09366916269571136	0.281143635125936	0.10687542545949626	0.5183117767188563
0.35142396560988715	0.1647859573705893	0.15332258642307003	0.33046749059645353
>ENSG00000143889	10	HNRPLL	dimeric
0.23576214405360135	0.06490787269681741	0.6574539363484088	0.04187604690117253
0.0	1.0	0.0	0.0
0.9955611921369689	0.0	0.004438807863031071	0.0
0.1059806508355321	0.11961301671064203	0.0839929639401935	0.6904133685136323
0.5903307888040712	0.0	0.4083969465648855	0.001272264631043257
0.0	0.9936708860759493	0.005063291139240506	0.0012658227848101266
0.9806371018113679	0.007495315427857589	0.011867582760774516	0.0
0.10416666666666667	0.4923245614035088	0.03508771929824561	0.3684210526315789
0.1772	0.628	0.0856	0.1092
0.36482412060301506	0.525963149078727	0.023115577889447236	0.08609715242881072
>ENSG00000159217	8	IGF2BP1	monomeric
0.05256760862959587	0.8711637800060772	0.01701610452749924	0.059252506836827715
0.9192048733568452	0.02244309073420968	0.02981724911830715	0.028534786790638023
0.06664647076643442	0.03332323538321721	0.868524689488034	0.03150560436231445
0.1632368329264039	0.0533658876874782	0.44750610394140217	0.33589117544471575
0.32497512437810944	0.04915422885572139	0.05532338308457711	0.570547263681592
0.5394655065257924	0.0046612802983219395	0.10441267868241144	0.3514605344934742
0.0705984892504358	0.8329459616502034	0.06275421266705404	0.0337013364323068
0.8854231006794318	0.0015441630636195182	0.09110562075355158	0.021927115503397158
>ENSG00000121774	7	KHDRBS1	dimeric
0.02356020942408377	0.0	0.0	0.9764397905759162
0.998661311914324	0.0	0.0013386880856760374	0.0
0.9942878903274943	0.0	0.0057121096725057125	0.0
0.06903839380063402	0.0	0.011271574498062698	0.9196900317013033
0.9365136298421808	0.0	0.039992826398852224	0.023493543758967003
0.11275571600481347	0.021540312876052948	0.6283995186522262	0.23730445246690735
0.24952125622366908	0.030065109153581005	0.21141325162772884	0.509000382995021
>ENSG00000112232	10	KHDRBS2	dimeric
0.17425569176882663	0.06567425569176882	0.06129597197898424	0.6987740805604203
0.7375231053604436	0.06561922365988909	0.05545286506469501	0.1414048059149723
0.9214780600461894	0.04041570438799076	0.016166281755196306	0.021939953810623556
0.5341365461847389	0.13052208835341367	0.19879518072289157	0.13654618473895583
0.1450381679389313	0.5537820957668286	0.1873698820263706	0.11380985426786953
0.5946348733233979	0.12667660208643816	0.20268256333830104	0.07600596125186289
0.49657747355320475	0.0864965774735532	0.2545115121344119	0.1624144368388301
0.12049180327868853	0.11639344262295082	0.10901639344262296	0.6540983606557377
0.6785714285714286	0.047619047619047616	0.11224489795918367	0.16156462585034015
0.7423255813953489	0.05488372093023256	0.09488372093023256	0.10790697674418605
>ENSG00000131773	15	KHDRBS3	dimeric
0.25363917071018965	0.05910895456550507	0.06307895897662108	0.6241729157476842
0.607035607035607	0.03003003003003003	0.07378807378807378	0.28914628914628915
0.8498498498498499	0.012012012012012012	0.04804804804804805	0.09009009009009009
0.47691270643747896	0.09605662285136501	0.1887428378833839	0.23828783282777216
0.3215547703180212	0.16890459363957597	0.272791519434629	0.23674911660777384
0.326025459688826	0.09193776520509193	0.33663366336633666	0.2454031117397454
0.36395759717314485	0.07773851590106007	0.2968197879858657	0.26148409893992935
0.39858657243816253	0.04876325088339223	0.3413427561837456	0.21130742049469964
0.36916548797736914	0.05374823196605375	0.2984441301272984	0.27864214992927866
0.27934936350777934	0.12588401697312587	0.35431400282885434	0.24045261669024046
0.40381895332390383	0.07496463932107496	0.260961810466761	0.26025459688826025
0.18998978549540346	0.03779366700715015	0.04954034729315628	0.7226762002042901
0.6541840036985668	0.02311604253351826	0.05779010633379565	0.26490984743411927
0.8303990610328639	0.011737089201877934	0.04225352112676056	0.11561032863849766
0.43100822418519646	0.10843740481267133	0.22479439537008833	0.23575997563204387
>ENSG00000166173	21	LARP6	monomeric
0.03449753589029355	0.0584958217270195	0.8270837797300192	0.07992286265266767
0.010720111862036821	0.018410626893498018	0.013982754602656723	0.9568865066418084
0.004220183486238532	0.19357798165137616	0.7495412844036697	0.052660550458715594
0.011300738007380073	0.006457564575645757	0.07818265682656826	0.9040590405904059
0.018007787151200518	0.5936080467229072	0.2589227774172615	0.12946138870863075
0.12059324094335035	0.05446146365183564	0.11524434719183078	0.7097009482129832
0.04692438609287625	0.12788718696814977	0.7909068806224168	0.034281546316557256
0.05689277899343545	0.4675419401896426	0.12715779236566982	0.34840748845125213
0.15511791879406758	0.07342572331631413	0.23073182591782154	0.5407245319717967
0.15803549720398735	0.10551908582543156	0.325066861171894	0.4113785557986871
0.1237539508874301	0.12302455628495015	0.49550206661804036	0.2577194262095794
0.14344760515438854	0.22052030148310237	0.3834184293702893	0.2526136639922198
0.16460004862630684	0.28665207877461707	0.18429370289326524	0.36445416970581085
0.10017019207391199	0.45854607342572334	0.13931436907366884	0.30196936542669583
0.012209438835407373	0.011974641934726462	0.9488142756515614	0.027001643578304767
0.8875	0.02142857142857143	0.062276785714285715	0.028794642857142855
0.9571095571095571	0.010722610722610723	0.015617715617715617	0.01655011655011655
0.04796274738067521	0.004656577415599534	0.919674039580908	0.02770663562281723
0.008831048105972577	0.01254938415059261	0.024401580292818963	0.9542179874506158
0.0634441087613293	0.771687526974536	0.09214501510574018	0.07272334915839447
0.22343787989302213	0.38317529783612936	0.17554096766350596	0.21784585460734257
>ENSG00000174720	11	LARP7	monomeric
0.10348929421094369	0.10586835844567803	0.6260904044409199	0.16455194290245836
0.3647902869757174	0.023730684326710817	0.5060706401766004	0.1054083885209713
0.06708268330733229	0.0358814352574103	0.07592303692147685	0.8211128445137805
0.030686799805163176	0.7691183633706771	0.09498295177788602	0.10521188504627374
0.009809932556713672	0.008583690987124463	0.9681177191906806	0.0134886572654813
0.007847533632286996	0.02914798206278027	0.07791479820627803	0.8850896860986547
0.04017857142857143	0.027901785714285716	0.8811383928571429	0.05078125
0.7148030783159801	0.04300588501584427	0.16523313716613852	0.07695789950203712
0.022614451185879757	0.04467733039161611	0.06177606177606178	0.8709321566464424
0.032834101382488476	0.029953917050691243	0.9095622119815668	0.027649769585253458
0.07984790874524715	0.40304182509505704	0.18377693282636248	0.3333333333333333
>ENSG00000160294	10	MCM3AP	monomeric
0.048197431533343646	0.7972690700912889	0.021700448708030326	0.13283304966733714
0.018216888126875268	0.0	0.9816164213935324	0.00016669047959232272
0.0001444112833349379	0.9921536536054684	4.81370944449793e-05	0.007653798016751709
9.701673538685423e-05	0.9998059665292263	2.4254183846713557e-05	7.276255154014067e-05
0.9998544678373921	2.425536043465606e-05	9.702144173862424e-05	2.425536043465606e-05
2.4248890613254443e-05	0.0003394844685855622	0.9995877688595747	4.8497781226508885e-05
0.0	9.701202949165696e-05	0.00014551804423748544	0.9997574699262709
0.05135757017947538	2.300966405890474e-05	0.9485043718361712	0.0001150483202945237
9.697674982422964e-05	0.9993938953135986	4.848837491211482e-05	0.0004606395616650908
0.00038791640401493477	4.8489550501866846e-05	0.9994181253939776	0.00014546865150560055
>ENSG00000183496	10	MEX3B	monomeric
0.1108761329305136	0.10876132930513595	0.1486404833836858	0.6317220543806646
0.9040207522697795	0.0	0.040639861651534805	0.05533938607868569
0.04521497919556172	0.014147018030513176	0.5800277392510402	0.3606102635228849
0.8576702214930271	0.008613617719442166	0.034454470877768664	0.0992616899097621
0.06283662477558348	0.002872531418312388	0.7508078994614004	0.18348294434470377
0.12294140176177709	0.011106855610877058	0.06510915358100344	0.8008425890463424
0.23406221127194332	0.015706806282722512	0.10625192485371111	0.643979057591623
0.04032258064516129	0.0031362007168458782	0.01971326164874552	0.9368279569892473
0.8350638977635783	0.0023961661341853034	0.03394568690095846	0.12859424920127796
0.09770687936191426	0.022598870056497175	0.18477899634430042	0.6949152542372882
>ENSG00000183496	7	MEX3B	monomeric
0.09867092866756393	0.034825033647375506	0.15107671601615075	0.7154273216689099
0.7434440559440559	0.0024475524475524478	0.1347027972027972	0.11940559440559441
0.048685048685048686	0.0	0.17735917735917736	0.773955773955774
0.22030149106996558	0.0	0.08291004424053744	0.696788464689497
0.04633529907329402	0.0037910699241786015	0.05423336141533277	0.8956402695871946
0.8274956217162872	0.001945903872348706	0.05195563339171045	0.11860284101965363
0.10903426791277258	0.020937477359994204	0.2538578569876114	0.6161703977396218
>ENSG00000176624	13	MEX3C	monomeric
0.3965646004480956	0.021657953696788648	0.34167289021657954	0.24010455563853622
0.09111277072442121	0.13778939507094848	0.2748319641523525	0.49626587005227785
0.8899966766367564	0.0019940179461615153	0.07211698238617481	0.03589232303090728
0.03519220357336221	0.008121277747698972	0.7249593936112615	0.23172712506767731
0.8003586371787209	0.004482964734010759	0.05588762701733413	0.13927077106993424
0.044481054365733116	0.0019769357495881385	0.8823723228995057	0.07116968698517298
0.1379495437466452	0.006977992485238862	0.13633923778851315	0.7187332259796028
0.38426797139631164	0.005269100489273617	0.10651110274745954	0.5039518253669553
0.039575971731448764	0.0	0.014134275618374558	0.9462897526501767
0.9193271541366289	0.0	0.015447991761071062	0.06522485410230003
0.11519234948924147	0.011301890893284068	0.29145837861334495	0.5820473810041296
0.3140403286034354	0.015309932785660941	0.2811799850634802	0.38946975354742347
0.20388349514563106	0.008215085884988798	0.41598207617625094	0.3719193427931292
>ENSG00000181588	10	MEX3D	monomeric
0.15332771693344566	0.005054759898904802	0.14490311710193765	0.6967144060657119
0.31257557436517536	0.010278113663845224	0.27267230955259975	0.40447400241837966
0.07587719298245614	0.012280701754385965	0.18640350877192982	0.7254385964912281
0.40794627867935085	0.0	0.5176273083379966	0.07442641298265248
0.0	0.0	0.035568513119533525	0.9644314868804664
0.15521271622253388	0.0	0.07152875175315568	0.7732585320243104
0.0	0.0	0.0	1.0
0.834510595358224	0.0025227043390514633	0.11099899091826437	0.05196770938446014
0.0	0.0	0.11739594450373532	0.8826040554962646
0.1072463768115942	0.005434782608695652	0.28804347826086957	0.5992753623188406
>ENSG00000135097	11	MSI1	dimeric
0.08003048780487805	0.003429878048780488	0.5034298780487805	0.41310975609756095
0.023484848484848483	0.025757575757575757	0.04015151515151515	0.9106060606060606
0.8567355666429081	0.011047754811119031	0.0548823948681397	0.07733428367783321
0.022664015904572565	0.002783300198807157	0.9558648111332008	0.01868787276341948
0.11055135740274279	0.005877413937867338	0.21074727120067172	0.6728239574587181
0.2282746389663035	0.002533569799847986	0.3881428933367114	0.3810488978971371
0.02035830618892508	0.00040716612377850165	0.7561074918566775	0.22312703583061888
0.03698169592827792	0.0	0.06499813223757937	0.8980201718341427
0.804282368685179	0.01605888256942121	0.07761793241886919	0.10204081632653061
0.02762645914396887	0.004280155642023347	0.935408560311284	0.03268482490272374
0.1418041418041418	0.014391014391014392	0.34292734292734295	0.5008775008775008
>ENSG00000153944	12	MSI2	dimeric
0.022201665124884366	0.004162812210915819	0.8714153561517114	0.10222016651248844
0.005681818181818182	0.008264462809917356	0.012913223140495868	0.9731404958677686
0.9040307101727447	0.006238003838771593	0.027351247600767754	0.06238003838771593
0.014894709809964048	0.0005136106831022085	0.9676425269645609	0.01694915254237288
0.0603290676416819	0.01736745886654479	0.061243144424131625	0.8610603290676416
0.11854210898796887	0.00778485491861288	0.6666666666666666	0.2070063694267516
0.26519916142557654	0.012578616352201259	0.22641509433962265	0.49580712788259956
0.02637267617812365	0.00216169476869866	0.814526588845655	0.1569390402075227
0.015282730514518594	0.008660213958227204	0.0163015792154865	0.9597554763117677
0.9217221135029354	0.015166340508806261	0.03571428571428571	0.0273972602739726
0.014477766287487074	0.004136504653567736	0.9741468459152016	0.007238883143743537
0.12465501379944802	0.008739650413983441	0.33210671573137074	0.5344986200551978
>ENSG00000153944	13	MSI2	dimeric
0.09483217900905701	0.019179541822056473	0.690463505594033	0.19552477357485348
0.06505026611472502	0.06209343583678297	0.10644589000591366	0.7664104080425783
0.663594470046083	0.03840245775729647	0.17665130568356374	0.12135176651305683
0.04362880886426593	0.00554016620498615	0.8975069252077562	0.05332409972299169
0.12834978843441466	0.027268453220498354	0.23507287259050305	0.609308885754584
0.2762345679012346	0.011574074074074073	0.39351851851851855	0.31867283950617287
0.18055555555555555	0.008487654320987654	0.4058641975308642	0.4050925925925926
0.35108024691358025	0.015432098765432098	0.2785493827160494	0.3549382716049383
0.05052526263131566	0.007003501750875438	0.6483241620810405	0.2941470735367684
0.03022162525184688	0.019476158495634655	0.07991940899932841	0.8703828072531901
0.680672268907563	0.04936974789915966	0.1255252100840336	0.14443277310924368
0.05006765899864682	0.02165087956698241	0.8768606224627875	0.05142083897158322
0.14514066496163683	0.026214833759590793	0.27877237851662406	0.5498721227621484
>ENSG00000104967	8	NOVA2	dimeric
0.18321237847459948	0.16486375462138847	0.04676160481993701	0.6051622620840751
0.06951555730602599	0.8703229617959827	0.0020677432059866088	0.058093737692004724
0.9261316010058676	0.024098910310142496	0.038977367979882646	0.010792120704107292
0.053936411809235425	0.04428463285389856	0.06538607115821347	0.8363928841786525
0.21461687057308435	0.17797810688989055	0.038248551191242756	0.5691564713457824
0.04692260816575259	0.8977249644525696	0.0	0.05535242738167784
0.9747463608292898	0.0	0.023158359064843405	0.0020952801058667842
0.023793182338137726	0.289026157248532	0.01311675436589644	0.6740639060474338
>ENSG00000174740	13	PABPC5	monomeric
0.2204391891891892	0.13175675675675674	0.19130067567567569	0.4565033783783784
0.0746994848311391	0.1522610188895249	0.09530623926731539	0.6777332570120206
0.9968427699431699	0.0027362660492527887	0.0	0.0004209640075773521
0.06226486079759217	0.04683972911963882	0.3893905191873589	0.5015048908954101
1.0	0.0	0.0	0.0
0.99915611814346	0.0	0.0002109704641350211	0.0006329113924050633
0.9997888959256913	0.00021110407430863416	0.0	0.0
0.10660465116279069	0.01227906976744186	0.6152558139534884	0.2658604651162791
0.0	0.0	0.0035766884073216917	0.9964233115926783
0.1623117518342129	0.061269146608315096	0.16681683614364784	0.6096022654138241
0.5472972972972973	0.0	0.4527027027027027	0.0
0.14694059848146493	0.7050766711329463	0.0031263957123715946	0.1448563346732172
0.06565336710998522	0.14903947646189572	0.17817183871648723	0.6071353177116319
>ENSG00000174740	16	PABPC5	monomeric
0.20833333333333334	0.17485119047619047	0.16741071428571427	0.4494047619047619
0.0851581508515815	0.1362530413625304	0.09184914841849148	0.6867396593673966
0.9988851727982163	0.0	0.0007432181345224824	0.0003716090672612412
0.08276098901098901	0.044642857142857144	0.36538461538461536	0.5072115384615384
0.9988847583643122	0.0007434944237918215	0.0003717472118959108	0.0
0.9973997028231798	0.0003714710252600297	0.0003714710252600297	0.0018573551263001485
0.9992567818654775	0.0	0.0003716090672612412	0.0003716090672612412
0.07924403183023873	0.016909814323607428	0.08985411140583555	0.8139920424403183
0.0	0.0007432181345224824	0.0	0.9992567818654775
0.9795918367346939	0.0007288629737609329	0.008746355685131196	0.010932944606413994
0.008714596949891068	0.9771241830065359	0.014161220043572984	0.0
0.0	0.005569996286669142	0.0	0.9944300037133309
0.8102189781021898	0.023224950232249502	0.16058394160583941	0.005972130059721301
0.003435352904434728	0.7904434728294816	0.014053716427232979	0.1920674578388507
0.612578977599081	0.08874210224009191	0.19500287191269386	0.10367604824813326
0.09304056568663938	0.5139560848529959	0.10755489393375511	0.2854484555266096
>ENSG00000169564	11	PCBP1	dimeric
0.1413992211628844	0.23002551362964951	0.2391567073989526	0.3894185578085135
0.019001610305958132	0.9339774557165862	0.006119162640901771	0.04090177133655395
0.07886612405276452	0.8139208532135841	0.07970811114229581	0.0275049115913556
0.19143952299829642	0.14054514480408858	0.050468483816013626	0.6175468483816013
0.18587281263337602	0.052496798975672214	0.14276568501920614	0.6188647033717456
0.32092381937263015	0.0741123750430886	0.2433643571182351	0.3615994484660462
0.21344827586206896	0.13689655172413792	0.3837931034482759	0.26586206896551723
0.019065776930409915	0.9215125516364792	0.012392755004766444	0.047028916428344454
0.05730581205866377	0.7876154263986963	0.014122759369907659	0.14095600217273221
0.10712822613682917	0.23351085620647274	0.06534207292093404	0.594018844735764
0.1697838736492103	0.10536159600997506	0.12219451371571072	0.6026600166251039
>ENSG00000134644	10	PUM1	monomeric
0.28723291166152864	0.04741150207292442	0.45997661316041244	0.20537897310513448
0.0	0.0	0.0	1.0
0.003917831427361288	0.0	0.9960821685726388	0.0
0.0	0.008166684116846403	0.006910271175793111	0.9849230447073605
0.9970323264440911	0.00296767355590885	0.0	0.0
0.7060192134494145	0.03947763434404083	0.0795556889822876	0.17494746322425697
0.9813269351137075	0.0	0.015856457333611518	0.002816607552680993
0.0	0.0	0.0	1.0
0.9890652928188414	0.0	0.0028388182104931133	0.008095888970665545
0.13258589511754068	0.05128390596745027	0.6804339963833634	0.13569620253164558
>ENSG00000055917	10	PUM2	monomeric
