MEME version 5.4.1

ALPHABET=ACGU

MOTIF ENSG00000122729 SELEX
letter-probability matrix: alength= 4 w= 5
 0.0545454545455 0.636363636364 0.145454545455 0.163636363636
 0.8 0.0545454545455 0.0181818181818 0.127272727273
 0.163636363636 0.01 0.808181818182 0.0181818181818
 0.163636363636 0.0727272727273 0.181818181818 0.581818181818
 0.2 0.127272727273 0.636363636364 0.0363636363636

MOTIF ENSG00000063046 SELEX
letter-probability matrix: alength= 4 w= 6
 0.0769230769231 0.153846153846 0.538461538462 0.230769230769
 0.01 0.230769230769 0.01 0.749230769231
 0.230769230769 0.307692307692 0.01 0.451538461538
 0.01 0.01 0.97 0.01
 0.01 0.01 0.97 0.01
 0.903076923077 0.0769230769231 0.01 0.01

MOTIF ENSG00000107105 SELEX
letter-probability matrix: alength= 4 w= 3
 0.00961538461538 0.00961538461538 0.971153846154 0.00961538461538
 0.971153846154 0.00961538461538 0.00961538461538 0.00961538461538
 0.971153846154 0.00961538461538 0.00961538461538 0.00961538461538

MOTIF ENSG00000107105_1 SELEX
letter-probability matrix: alength= 4 w= 8
 0.25 0.01 0.01 0.73
 0.01 0.05 0.01 0.93
 0.01 0.01 0.01 0.97
 0.01 0.05 0.05 0.89
 0.88 0.01 0.1 0.01
 0.01 0.01 0.05 0.93
 0.2 0.01 0.01 0.78
 0.01 0.05 0.1 0.84

MOTIF ENSG00000102081 SELEX
letter-probability matrix: alength= 4 w= 11
 0.00124378109453 0.00124378109453 0.996268656716 0.00124378109453
 0.00124378109453 0.00124378109453 0.996268656716 0.00124378109453
 0.00124378109453 0.00124378109453 0.996268656716 0.00124378109453
 0.00124378109453 0.996268656716 0.00124378109453 0.00124378109453
 0.00124378109453 0.00124378109453 0.498756218905 0.498756218905
 0.996268656716 0.00124378109453 0.00124378109453 0.00124378109453
 0.996268656716 0.00124378109453 0.00124378109453 0.00124378109453
 0.00124378109453 0.00124378109453 0.996268656716 0.00124378109453
 0.00124378109453 0.00124378109453 0.996268656716 0.00124378109453
 0.996268656716 0.00124378109453 0.00124378109453 0.00124378109453
 0.498756218905 0.00124378109453 0.498756218905 0.00124378109453

MOTIF ENSG00000102081_1 SELEX
letter-probability matrix: alength= 4 w= 9
 0.00247524752475 0.00247524752475 0.497524752475 0.497524752475
 0.992574257426 0.00247524752475 0.00247524752475 0.00247524752475
 0.00247524752475 0.00247524752475 0.992574257426 0.00247524752475
 0.00247524752475 0.992574257426 0.00247524752475 0.00247524752475
 0.00247524752475 0.00247524752475 0.992574257426 0.00247524752475
 0.497524752475 0.00247524752475 0.497524752475 0.00247524752475
 0.00247524752475 0.992574257426 0.00247524752475 0.00247524752475
 0.00247524752475 0.00247524752475 0.00247524752475 0.992574257426
 0.00247524752475 0.00247524752475 0.992574257426 0.00247524752475

MOTIF ENSG00000089280 SELEX
letter-probability matrix: alength= 4 w= 3
 0.01 0.01 0.97 0.01
 0.01 0.01 0.97 0.01
 0.01 0.01 0.01 0.97

MOTIF ENSG00000145907 SELEX
letter-probability matrix: alength= 4 w= 11
 0.999531542786 0.000156152404747 0.000156152404747 0.000156152404747
 0.000156152404747 0.999531542786 0.000156152404747 0.000156152404747
 0.000156152404747 0.999531542786 0.000156152404747 0.000156152404747
 0.000156152404747 0.999531542786 0.000156152404747 0.000156152404747
 0.499843847595 0.499843847595 0.000156152404747 0.000156152404747
 0.000156152404747 0.499843847595 0.000156152404747 0.499843847595
 0.499843847595 0.499843847595 0.000156152404747 0.000156152404747
 0.000156152404747 0.499843847595 0.499843847595 0.000156152404747
 0.000156152404747 0.000156152404747 0.999531542786 0.000156152404747
 0.000156152404747 0.999531542786 0.000156152404747 0.000156152404747
 0.499843847595 0.499843847595 0.000156152404747 0.000156152404747

MOTIF ENSG00000135486 SELEX
letter-probability matrix: alength= 4 w= 5
 0.01 0.0425531914894 0.01 0.937446808511
 0.97 0.01 0.01 0.01
 0.01 0.01 0.97 0.01
 0.0212765957447 0.01 0.958723404255 0.01
 0.106382978723 0.0212765957447 0.787234042553 0.0851063829787

MOTIF ENSG00000197451 SELEX
letter-probability matrix: alength= 4 w= 10
 0.971153846154 0.00961538461538 0.00961538461538 0.00961538461538
 0.00961538461538 0.971153846154 0.00961538461538 0.00961538461538
 0.971153846154 0.00961538461538 0.00961538461538 0.00961538461538
 0.971153846154 0.00961538461538 0.00961538461538 0.00961538461538
 0.971153846154 0.00961538461538 0.00961538461538 0.00961538461538
 0.00961538461538 0.00961538461538 0.971153846154 0.00961538461538
 0.971153846154 0.00961538461538 0.00961538461538 0.00961538461538
 0.00961538461538 0.971153846154 0.00961538461538 0.00961538461538
 0.971153846154 0.00961538461538 0.00961538461538 0.00961538461538
 0.971153846154 0.00961538461538 0.00961538461538 0.00961538461538

MOTIF ENSG00000159217 SELEX
letter-probability matrix: alength= 4 w= 10
 0.896666666667 0.01 0.0833333333333 0.01
 0.896666666667 0.01 0.01 0.0833333333333
 0.01 0.01 0.97 0.01
 0.01 0.97 0.01 0.01
 0.97 0.01 0.01 0.01
 0.01 0.73 0.01 0.25
 0.01 0.73 0.25 0.01
 0.01 0.97 0.01 0.01
 0.01 0.25 0.73 0.01
 0.01 0.0909090909091 0.01 0.889090909091

MOTIF ENSG00000152601 SELEX
letter-probability matrix: alength= 4 w= 3
 0.01 0.420091324201 0.01 0.559908675799
 0.01 0.00456621004566 0.975433789954 0.01
 0.01 0.975433789954 0.00456621004566 0.01

MOTIF ENSG00000152601_1 SELEX
letter-probability matrix: alength= 4 w= 7
 0.000312109862672 0.499687890137 0.000312109862672 0.499687890137
 0.000312109862672 0.499687890137 0.000312109862672 0.499687890137
 0.000312109862672 0.499687890137 0.000312109862672 0.499687890137
 0.000312109862672 0.000312109862672 0.999063670412 0.000312109862672
 0.000312109862672 0.999063670412 0.000312109862672 0.000312109862672
 0.000312109862672 0.000312109862672 0.000312109862672 0.999063670412
 0.000312109862672 0.000312109862672 0.499687890137 0.499687890137

MOTIF ENSG00000147140 SELEX
letter-probability matrix: alength= 4 w= 4
 0.97 0.01 0.01 0.01
 0.01 0.01 0.97 0.01
 0.01 0.01 0.97 0.01
 0.01 0.01 0.97 0.01

MOTIF ENSG00000147140_1 SELEX
letter-probability matrix: alength= 4 w= 8
 0.00961538461538 0.00961538461538 0.971153846154 0.00961538461538
 0.971153846154 0.00961538461538 0.00961538461538 0.00961538461538
 0.00961538461538 0.00961538461538 0.971153846154 0.00961538461538
 0.971153846154 0.00961538461538 0.00961538461538 0.00961538461538
 0.00961538461538 0.00961538461538 0.971153846154 0.00961538461538
 0.00961538461538 0.00961538461538 0.971153846154 0.00961538461538
 0.971153846154 0.00961538461538 0.00961538461538 0.00961538461538
 0.971153846154 0.00961538461538 0.00961538461538 0.00961538461538

MOTIF ENSG00000139910 SELEX
letter-probability matrix: alength= 4 w= 3
 0.00490196078431 0.00490196078431 0.00490196078431 0.985294117647
 0.00490196078431 0.985294117647 0.00490196078431 0.00490196078431
 0.985294117647 0.00490196078431 0.00490196078431 0.00490196078431

MOTIF ENSG00000104967 SELEX
letter-probability matrix: alength= 4 w= 15
 0.418571428571 0.01 0.285714285714 0.285714285714
 0.01 0.428571428571 0.551428571429 0.01
 0.285714285714 0.285714285714 0.418571428571 0.01
 0.01 0.01 0.142857142857 0.837142857143
 0.142857142857 0.285714285714 0.285714285714 0.285714285714
 0.428571428571 0.285714285714 0.142857142857 0.142857142857
 0.285714285714 0.285714285714 0.418571428571 0.01
 0.142857142857 0.571428571429 0.142857142857 0.142857142857
 0.285714285714 0.01 0.01 0.694285714286
 0.01 0.01 0.01 0.97
 0.01 0.97 0.01 0.01
 0.97 0.01 0.01 0.01
 0.01 0.694285714286 0.01 0.285714285714
 0.285714285714 0.561428571429 0.142857142857 0.01
 0.01 0.97 0.01 0.01

MOTIF ENSG00000070756 SELEX
letter-probability matrix: alength= 4 w= 4
 0.97 0.01 0.01 0.01
 0.97 0.01 0.01 0.01
 0.97 0.01 0.01 0.01
 0.97 0.01 0.01 0.01

MOTIF ENSG00000070756_1 SELEX
letter-probability matrix: alength= 4 w= 6
 0.97 0.01 0.01 0.01
 0.142857142857 0.837142857143 0.01 0.01
 0.285714285714 0.01 0.285714285714 0.418571428571
 0.837142857143 0.01 0.142857142857 0.01
 0.97 0.01 0.01 0.01
 0.01 0.285714285714 0.142857142857 0.561428571429

MOTIF ENSG00000011304 SELEX
letter-probability matrix: alength= 4 w= 3
 0.00961538461538 0.00961538461538 0.00961538461538 0.971153846154
 0.00961538461538 0.971153846154 0.00961538461538 0.00961538461538
 0.00961538461538 0.00961538461538 0.00961538461538 0.971153846154

MOTIF ENSG00000078328 SELEX
letter-probability matrix: alength= 4 w= 5
 0.0425531914894 0.01 0.01 0.937446808511
 0.01 0.01 0.97 0.01
 0.01 0.97 0.01 0.01
 0.97 0.01 0.01 0.01
 0.01 0.01 0.01 0.97

MOTIF ENSG00000234414 SELEX
letter-probability matrix: alength= 4 w= 4
 0.01 0.97 0.01 0.01
 0.315789473684 0.0263157894737 0.01 0.647894736842
 0.01 0.97 0.01 0.01
 0.97 0.01 0.01 0.01

MOTIF ENSG00000116560 SELEX
letter-probability matrix: alength= 4 w= 10
 0.00961538461538 0.00961538461538 0.00961538461538 0.971153846154
 0.00961538461538 0.00961538461538 0.971153846154 0.00961538461538
 0.00961538461538 0.00961538461538 0.971153846154 0.00961538461538
 0.971153846154 0.00961538461538 0.00961538461538 0.00961538461538
 0.00961538461538 0.00961538461538 0.971153846154 0.00961538461538
 0.971153846154 0.00961538461538 0.00961538461538 0.00961538461538
 0.00961538461538 0.00961538461538 0.971153846154 0.00961538461538
 0.00961538461538 0.00961538461538 0.971153846154 0.00961538461538
 0.971153846154 0.00961538461538 0.00961538461538 0.00961538461538
 0.971153846154 0.00961538461538 0.00961538461538 0.00961538461538

MOTIF ENSG00000077312 SELEX
letter-probability matrix: alength= 4 w= 6
 0.6775 0.01 0.0625 0.25
 0.01 0.25 0.73 0.01
 0.01 0.01 0.9175 0.0625
 0.74 0.125 0.125 0.01
 0.0625 0.01 0.8025 0.125
 0.865 0.0625 0.0625 0.01

MOTIF ENSG00000077312_1 SELEX
letter-probability matrix: alength= 4 w= 6
 0.97 0.01 0.01 0.01
 0.0909090909091 0.01 0.01 0.889090909091
 0.01 0.01 0.01 0.97
 0.01 0.01 0.97 0.01
 0.01 0.97 0.01 0.01
 0.97 0.01 0.01 0.01

MOTIF ENSG00000077312_2 SELEX
letter-probability matrix: alength= 4 w= 10
 0.230769230769 0.01 0.682307692308 0.0769230769231
 0.461538461538 0.230769230769 0.230769230769 0.0769230769231
 0.01 0.01 0.97 0.01
 0.01 0.97 0.01 0.01
 0.97 0.01 0.01 0.01
 0.01 0.01 0.97 0.01
 0.01 0.01 0.01 0.97
 0.903076923077 0.01 0.0769230769231 0.01
 0.01 0.01 0.97 0.01
 0.01 0.01 0.518461538462 0.461538461538

MOTIF ENSG00000077312_3 SELEX
letter-probability matrix: alength= 4 w= 9
 0.125 0.0625 0.75 0.0625
 0.0625 0.0625 0.8125 0.0625
 0.0625 0.01 0.74 0.1875
 0.1875 0.01 0.25 0.5525
 0.9175 0.01 0.0625 0.01
 0.133333333333 0.01 0.01 0.846666666667
 0.01 0.01 0.97 0.01
 0.01 0.97 0.01 0.01
 0.01 0.125 0.0625 0.8025

MOTIF ENSG00000077312_4 SELEX
letter-probability matrix: alength= 4 w= 10
 0.01 0.01 0.97 0.01
 0.523333333333 0.01 0.133333333333 0.333333333333
 0.2 0.01 0.01 0.78
 0.333333333333 0.01 0.01 0.646666666667
 0.01 0.97 0.01 0.01
 0.01 0.846666666667 0.133333333333 0.01
 0.333333333333 0.0666666666667 0.01 0.59
 0.01 0.01 0.97 0.01
 0.01 0.713333333333 0.01 0.266666666667
 0.133333333333 0.0666666666667 0.01 0.79

MOTIF ENSG00000136450 SELEX
letter-probability matrix: alength= 4 w= 6
 0.823529411765 0.0588235294118 0.0588235294118 0.0588235294118
 0.01 0.97 0.01 0.01
 0.01 0.01 0.97 0.01
 0.01 0.921176470588 0.0588235294118 0.01
 0.01 0.01 0.862352941176 0.117647058824
 0.117647058824 0.862352941176 0.01 0.01

MOTIF ENSG00000136450_1 SELEX
letter-probability matrix: alength= 4 w= 9
 0.555555555556 0.111111111111 0.111111111111 0.222222222222
 0.222222222222 0.01 0.545555555556 0.222222222222
 0.0277777777778 0.01 0.934444444444 0.0277777777778
 0.952222222222 0.0277777777778 0.01 0.01
 0.0555555555556 0.906666666667 0.0277777777778 0.01
 0.545555555556 0.01 0.388888888889 0.0555555555556
 0.277777777778 0.01 0.684444444444 0.0277777777778
 0.934444444444 0.0277777777778 0.0277777777778 0.01
 0.222222222222 0.0555555555556 0.712222222222 0.01

MOTIF ENSG00000136450_2 SELEX
letter-probability matrix: alength= 4 w= 6
 0.000312109862672 0.999063670412 0.000312109862672 0.000312109862672
 0.000312109862672 0.499687890137 0.499687890137 0.000312109862672
 0.499687890137 0.499687890137 0.000312109862672 0.000312109862672
 0.499687890137 0.499687890137 0.000312109862672 0.000312109862672
 0.000312109862672 0.499687890137 0.499687890137 0.000312109862672
 0.000312109862672 0.499687890137 0.499687890137 0.000312109862672

MOTIF ENSG00000136450_3 SELEX
letter-probability matrix: alength= 4 w= 6
 7.81005935645e-05 0.999765698219 7.81005935645e-05 7.81005935645e-05
 7.81005935645e-05 0.499921899406 0.499921899406 7.81005935645e-05
 7.81005935645e-05 0.499921899406 0.499921899406 7.81005935645e-05
 0.25 0.25 0.25 0.25
 7.81005935645e-05 0.499921899406 0.499921899406 7.81005935645e-05
 7.81005935645e-05 0.499921899406 0.499921899406 7.81005935645e-05

MOTIF ENSG00000136450_4 SELEX
letter-probability matrix: alength= 4 w= 7
 0.55 0.05 0.3 0.1
 0.01 0.05 0.93 0.01
 0.84 0.01 0.1 0.05
 0.8 0.05 0.1 0.05
 0.05 0.05 0.85 0.05
 0.58 0.01 0.4 0.01
 0.73 0.01 0.25 0.01

MOTIF ENSG00000161547 SELEX
letter-probability matrix: alength= 4 w= 8
 0.884615384615 0.0384615384615 0.0384615384615 0.0384615384615
 0.0384615384615 0.0384615384615 0.913076923077 0.01
 0.0384615384615 0.461538461538 0.49 0.01
 0.797692307692 0.153846153846 0.0384615384615 0.01
 0.01 0.01 0.97 0.01
 0.730769230769 0.0769230769231 0.0384615384615 0.153846153846
 0.115384615385 0.01 0.836153846154 0.0384615384615
 0.230769230769 0.0384615384615 0.192307692308 0.538461538462

MOTIF ENSG00000161547_1 SELEX
letter-probability matrix: alength= 4 w= 8
 0.01 0.01 0.97 0.01
 0.0909090909091 0.0909090909091 0.01 0.808181818182
 0.0909090909091 0.01 0.01 0.889090909091
 0.01 0.889090909091 0.0909090909091 0.01
 0.01 0.272727272727 0.707272727273 0.01
 0.97 0.01 0.01 0.01
 0.01 0.01 0.97 0.01
 0.0909090909091 0.01 0.272727272727 0.626363636364

MOTIF ENSG00000161547_2 SELEX
letter-probability matrix: alength= 4 w= 9
 0.0689655172414 0.01 0.206896551724 0.714137931034
 0.01 0.01 0.97 0.01
 0.0689655172414 0.01 0.01 0.911034482759
 0.0344827586207 0.01 0.01 0.945517241379
 0.01 0.97 0.01 0.01
 0.01 0.531724137931 0.448275862069 0.01
 0.921034482759 0.01 0.0344827586207 0.0344827586207
 0.01 0.01 0.97 0.01
 0.586206896552 0.103448275862 0.0344827586207 0.275862068966

MOTIF ENSG00000115875 SELEX
letter-probability matrix: alength= 4 w= 8
 0.71 0.16 0.01 0.12
 0.08 0.87 0.01 0.04
 0.01 0.01 0.94 0.04
 0.97 0.01 0.01 0.01
 0.04 0.01 0.71 0.24
 0.78 0.01 0.01 0.2
 0.01 0.04 0.83 0.12
 0.83 0.12 0.01 0.04

MOTIF ENSG00000115875_1 SELEX
letter-probability matrix: alength= 4 w= 9
 0.790697674419 0.139534883721 0.0232558139535 0.046511627907
 0.0697674418605 0.0232558139535 0.837209302326 0.0697674418605
 0.91023255814 0.0697674418605 0.01 0.01
 0.01 0.956744186047 0.01 0.0232558139535
 0.139534883721 0.0232558139535 0.395348837209 0.441860465116
 0.943488372093 0.0232558139535 0.01 0.0232558139535
 0.01 0.873720930233 0.046511627907 0.0697674418605
 0.116279069767 0.01 0.863720930233 0.01
 0.710930232558 0.116279069767 0.01 0.162790697674

MOTIF ENSG00000111786 SELEX
letter-probability matrix: alength= 4 w= 4
 0.800810810811 0.0810810810811 0.01 0.108108108108
 0.027027027027 0.0540540540541 0.908918918919 0.01
 0.027027027027 0.27027027027 0.692702702703 0.01
 0.881891891892 0.0810810810811 0.01 0.027027027027

MOTIF ENSG00000083896 SELEX
letter-probability matrix: alength= 4 w= 5
 0.01 0.138888888889 0.462222222222 0.388888888889
 0.472222222222 0.361111111111 0.138888888889 0.0277777777778
 0.416666666667 0.194444444444 0.277777777778 0.111111111111
 0.01 0.01 0.0555555555556 0.924444444444
 0.378888888889 0.222222222222 0.378888888889 0.01

MOTIF ENSG00000128016 SELEX
letter-probability matrix: alength= 4 w= 10
 0.97 0.01 0.01 0.01
 0.97 0.01 0.01 0.01
 0.39 0.2 0.01 0.39
 0.97 0.01 0.01 0.01
 0.97 0.01 0.01 0.01
 0.58 0.01 0.4 0.01
 0.01 0.2 0.39 0.39
 0.97 0.01 0.01 0.01
 0.97 0.01 0.01 0.01
 0.97 0.01 0.01 0.01

MOTIF ENSG00000128016_1 SELEX
letter-probability matrix: alength= 4 w= 8
 0.1875 0.0625 0.01 0.74
 0.0625 0.01 0.0625 0.865
 0.9175 0.01 0.0625 0.01
 0.01 0.01 0.01 0.97
 0.01 0.01 0.01 0.97
 0.01 0.01 0.01 0.97
 0.865 0.0625 0.0625 0.01
 0.375 0.01 0.01 0.605

MOTIF ENSG00000161547_3 SELEX
letter-probability matrix: alength= 4 w= 7
 0.000156152404747 0.000156152404747 0.999531542786 0.000156152404747
 0.499843847595 0.000156152404747 0.499843847595 0.000156152404747
 0.000156152404747 0.499843847595 0.000156152404747 0.499843847595
 0.000156152404747 0.499843847595 0.000156152404747 0.499843847595
 0.499843847595 0.499843847595 0.000156152404747 0.000156152404747
 0.000156152404747 0.999531542786 0.000156152404747 0.000156152404747
 0.000156152404747 0.499843847595 0.000156152404747 0.499843847595

MOTIF ENSG00000100650 SELEX
letter-probability matrix: alength= 4 w= 5
 0.000312109862672 0.499687890137 0.000312109862672 0.499687890137
 0.499687890137 0.000312109862672 0.499687890137 0.000312109862672
 0.000312109862672 0.999063670412 0.000312109862672 0.000312109862672
 0.499687890137 0.000312109862672 0.499687890137 0.000312109862672
 0.000312109862672 0.000312109862672 0.499687890137 0.499687890137

MOTIF ENSG00000124193 SELEX
letter-probability matrix: alength= 4 w= 6
 0.000312109862672 0.499687890137 0.000312109862672 0.499687890137
 0.000312109862672 0.499687890137 0.000312109862672 0.499687890137
 0.499687890137 0.000312109862672 0.000312109862672 0.499687890137
 0.000312109862672 0.999063670412 0.000312109862672 0.000312109862672
 0.499687890137 0.000312109862672 0.000312109862672 0.499687890137
 0.000312109862672 0.499687890137 0.499687890137 0.000312109862672

MOTIF ENSG00000136450_5 SELEX
letter-probability matrix: alength= 4 w= 6
 0.000312109862672 0.999063670412 0.000312109862672 0.000312109862672
 0.499687890137 0.000312109862672 0.499687890137 0.000312109862672
 0.000312109862672 0.499687890137 0.499687890137 0.000312109862672
 0.499687890137 0.499687890137 0.000312109862672 0.000312109862672
 0.000312109862672 0.499687890137 0.499687890137 0.000312109862672
 0.000312109862672 0.000312109862672 0.999063670412 0.000312109862672
