MEME version 5.4.1

ALPHABET=ACGU

MOTIF ENSG00000152430 HT-SELEX
letter-probability matrix: alength= 4 w= 11
 0.09533898305084745 0.026483050847457626 0.3802966101694915 0.4978813559322034
 0.1289550196682059 0.06310928681375064 0.24080725158200786 0.5671284419360356
 0.08423493044822257 0.008500772797527048 0.6406491499227203 0.26661514683153015
 0.045454545454545456 0.008937691521961185 0.0988253319713994 0.8467824310520939
 0.03574307981725343 0.017737167428110722 0.05536146197258801 0.8911582907820479
 0.10046278441959121 0.001349787890474354 0.6394138064018512 0.2587736212880833
 0.07860173772479288 0.0662760153566377 0.18508789654475652 0.6700343503738129
 0.030049706281066426 0.0018075011296882061 0.7492092182557614 0.21893357433348395
 0.020546163849154746 0.0005201560468140442 0.1165149544863459 0.8624187256176853
 0.03158418303904501 0.005222581447401144 0.1385227555334494 0.8246704799801045
 0.20678362573099415 0.017543859649122806 0.4269005847953216 0.3487719298245614

MOTIF ENSG00000153048 HT-SELEX
letter-probability matrix: alength= 4 w= 14
 0.11473646468268196 0.11007529580494801 0.10039440659734672 0.6747938329150233
 0.09840326773115485 0.0850352766431489 0.09691793538804308 0.7196435202376532
 0.03980099502487562 0.0013568521031207597 0.9516056083220262 0.007236544549977386
 0.0 0.9750692520775623 0.0 0.024930747922437674
 0.0 0.9967182372245663 0.0 0.0032817627754336614
 0.0012229922543823889 0.1651039543416225 0.00040766408479412964 0.833265389319201
 0.0 0.0 0.0 1.0
 0.00046992481203007516 0.0 0.9995300751879699 0.0
 0.0 0.0 0.0 1.0
 0.0 0.999529854254819 0.0 0.0004701457451810061
 0.0 0.9929971988795518 0.0 0.0070028011204481795
 0.0 0.9309107222969941 0.0 0.06908927770300584
 0.005004549590536852 0.009099181073703366 0.9645131938125568 0.021383075523202913
 0.5607705779334501 0.03677758318739054 0.2798598949211909 0.12259194395796848

MOTIF ENSG00000060138 HT-SELEX
letter-probability matrix: alength= 4 w= 7
 0.061694290976058934 0.13904235727440148 0.1261510128913444 0.6731123388581952
 0.7670514165792235 0.007345225603357817 0.11752360965372508 0.1080797481636936
 0.8733572281959379 0.12066905615292713 0.0 0.005973715651135006
 0.0 0.8278595696489242 0.17214043035107587 0.0
 0.9891745602165088 0.0040595399188092015 0.006765899864682003 0.0
 0.041820418204182044 0.033210332103321034 0.025830258302583026 0.8991389913899139
 0.0 1.0 0.0 0.0

MOTIF ENSG00000101811 HT-SELEX
letter-probability matrix: alength= 4 w= 13
 0.5173275393807714 0.02020640956002173 0.36404128191200436 0.0984247691472026
 0.6797740835464621 0.010017050298380221 0.23156436487638535 0.07864450127877237
 0.026445770734719078 0.0030870549495781024 0.8569664540028813 0.11350072031282157
 0.08570071258907364 0.0036104513064133016 0.7424228028503563 0.16826603325415676
 0.03155737704918033 0.905327868852459 0.01209016393442623 0.05102459016393442
 0.0 0.0029115341545352742 0.9954087346024636 0.0016797312430011197
 0.0 0.004704828049736754 0.0 0.9952951719502633
 0.9708461201227532 0.00021920210434020167 0.027290661990355108 0.0016440157825515125
 0.0003362474781439139 0.0010087424344317419 0.9967496077112755 0.0019054023761488456
 0.004067274925799714 0.9665823897988348 0.0024183796856106408 0.026931955589754863
 0.0 0.000449842555105713 0.9995501574448943 0.0
 0.010310409125808929 0.012394427991663924 0.014478446857518921 0.9628167160250082
 0.06354026090868196 0.4330859199280252 0.0620782726045884 0.44129554655870445

MOTIF ENSG00000177613 HT-SELEX
letter-probability matrix: alength= 4 w= 9
 0.013878180416345412 0.9430854419289268 0.023761127076470177 0.01927525057825752
 0.0009630342988369509 0.00022223868434698867 0.9967404992962442 0.0020742277205718944
 0.0 0.00406864920846279 0.0005918035212309513 0.9953395472703063
 0.9966666666666667 0.00037037037037037035 0.002962962962962963 0.0
 0.00014862153526045923 0.0 0.9998513784647396 0.0
 0.004500254046599404 0.9766277128547579 0.016549321332655877 0.0023227117659867895
 0.003259500703755834 0.0 0.9967404992962442 0.0
 0.039898772345466293 0.07258238208055137 0.1630411371957786 0.7244777083782038
 0.09102514621619215 0.3994596680818217 0.10385060713119378 0.4056645785707924

MOTIF ENSG00000205916 HT-SELEX
letter-probability matrix: alength= 4 w= 14
 0.0872945357618836 0.13771657041314972 0.6621501554864505 0.11283873833851621
 0.09173871277617675 0.5367435158501441 0.07636887608069164 0.2951488952929875
 0.047680082030248656 0.07741604716739298 0.02768520892078954 0.8472186618815688
 0.004164625183733464 0.7474277315041646 0.005634492895639392 0.24277315041646252
 0.0022123893805309734 0.005254424778761062 0.0002765486725663717 0.9922566371681416
 0.9933646668509815 0.0049764998617638926 0.0013823610727121925 0.0002764722145424385
 0.0 0.0 0.9966712898751734 0.00332871012482663
 0.0 0.0 0.0 1.0
 0.0 0.0 0.000277623542476402 0.9997223764575236
 0.9991668980838656 0.0 0.0 0.0008331019161344071
 0.019151846785225718 0.0 0.9764705882352941 0.004377564979480164
 0.06449907480835317 0.43827650013217023 0.01586042823156225 0.48136399682791436
 0.8558919189392044 0.015011258443832875 0.09056792594445834 0.03852889667250438
 0.040912667191188044 0.01888276947285602 0.006031995803829006 0.934172567532127

MOTIF ENSG00000066044 HT-SELEX
letter-probability matrix: alength= 4 w= 9
 0.051721297973974636 0.027013671553286114 0.1536814363366826 0.7675835941360567
 0.06426931905126243 0.007459831675592961 0.036916602907421575 0.891354246365723
 0.060724431818181816 0.03622159090909091 0.07563920454545454 0.8274147727272727
 0.44091210142870657 0.006433910492951084 0.12650203425111176 0.4261519538272306
 0.06743476787529651 0.03778380210098272 0.10521856997627922 0.7895628600474416
 0.06941007943742675 0.04531840083344185 0.6068498502409168 0.2784216694882146
 0.2825573911177859 0.01909461488950869 0.4320961167131517 0.26625187727955374
 0.01724941724941725 0.004545454545454545 0.43508158508158506 0.5431235431235432
 0.044307245324132924 0.03214091156709642 0.07735609224623206 0.8461957508625386

MOTIF ENSG00000196361 HT-SELEX
letter-probability matrix: alength= 4 w= 6
 0.2699195432130807 0.08967038671165325 0.41811575395795486 0.22229431611731118
 0.11267605633802817 0.029049295774647887 0.14920774647887325 0.7090669014084507
 0.053707099816609906 0.0015719151165837044 0.10060256746135708 0.8441184176054493
 0.2011289985364834 0.046623458080702486 0.07861174994773155 0.6736357934350826
 0.14278446667797184 0.05511276920468035 0.25572324910971683 0.546379515007631
 0.20908702464036463 0.08061529696624413 0.2513886910696482 0.4589089873237431

MOTIF ENSG00000162374 HT-SELEX
letter-probability matrix: alength= 4 w= 9
 0.13522012578616352 0.059748427672955975 0.3050314465408805 0.5
 0.15894039735099338 0.006622516556291391 0.13245033112582782 0.7019867549668874
 0.08169014084507042 0.0 0.022535211267605635 0.895774647887324
 0.2275449101796407 0.05588822355289421 0.08183632734530938 0.6347305389221557
 0.5204582651391162 0.019639934533551555 0.3780687397708674 0.08183306055646482
 0.19327731092436976 0.0392156862745098 0.32212885154061627 0.44537815126050423
 0.020737327188940093 0.0069124423963133645 0.23963133640552994 0.7327188940092166
 0.03003003003003003 0.003003003003003003 0.012012012012012012 0.954954954954955
 0.17142857142857143 0.05714285714285714 0.26666666666666666 0.5047619047619047

MOTIF ENSG00000186834 HT-SELEX
letter-probability matrix: alength= 4 w= 10
 0.11933633843353861 0.11912471165851904 0.6116437051615771 0.1498952447463653
 0.19845255544609175 0.10707162938222362 0.4475094312420405 0.24696638392964412
 0.3070349269259351 0.10509041367351994 0.37546445380232846 0.2124102055982165
 0.12582706872765154 0.06044992538784244 0.5406706647520906 0.27305234113241544
 0.0 0.9964832436905254 0.003240932285202041 0.00027582402427251415
 0.08701347305389222 0.0 0.9013847305389222 0.011601796407185628
 0.9966894268570247 0.0005862473274018898 0.0015863162976757017 0.001138009517897786
 0.0 0.9946314268015692 0.005368573198430725 0.0
 0.0002767208578346593 0.0 0.9997232791421653 0.0
 0.0005531355873608519 0.00017285487105026619 0.9991702966189587 0.00010371292263015972

MOTIF ENSG00000168517 HT-SELEX
letter-probability matrix: alength= 4 w= 9
 0.26022588522588525 0.07516788766788766 0.5302197802197802 0.13438644688644688
 0.04994959215470626 0.06956282650536157 0.6005407387040601 0.27994684263587205
 0.0 1.0 0.0 0.0
 0.15327798803564888 0.015748992796972287 0.7999633744353559 0.031009644732022952
 0.9994661378889567 0.0005338621110433191 0.0 0.0
 0.0 1.0 0.0 0.0
 0.0 0.0 1.0 0.0
 0.0006862894616440446 0.0 0.9993137105383559 0.0
 0.004829095299177545 0.006338187580170527 0.4669886063532785 0.5218441107673735

MOTIF ENSG00000092199 HT-SELEX
letter-probability matrix: alength= 4 w= 9
 0.045117506597964055 0.0035189141636295085 0.1653889656905869 0.7859746135478195
 0.0009555661729574773 0.0011148272017837235 0.0019111323459149545 0.9960184742793439
 0.02232333285937722 0.0031281103369827953 0.08531210009953079 0.8892364567041092
 0.0015910898965791568 0.00047732696897374703 0.002863961813842482 0.9950676213206047
 0.0007316359379572724 0.0 0.08413813286508633 0.9151302311969564
 0.011240940689247152 0.002810235172311788 0.9250110930335749 0.060937731104866145
 0.009849184364419821 0.001692828562634657 0.9624499846106495 0.026008002462296093
 0.10223070499821066 0.02707861147560539 0.12465704401765478 0.7460336395085292
 0.01152827543231033 0.0024926000934725034 0.9742950615360648 0.01168406293815236

MOTIF ENSG00000179172 HT-SELEX
letter-probability matrix: alength= 4 w= 9
 0.26709470304975924 0.08667736757624397 0.5020866773675763 0.14414125200642056
 0.21188043889519487 0.06129398410896708 0.13507377979568672 0.5917517972001514
 0.05031753786028334 0.00537371763556424 0.1802638006839277 0.7640449438202247
 0.009495548961424332 0.002967359050445104 0.05934718100890208 0.9281899109792285
 0.009351620947630923 0.005610972568578554 0.00997506234413965 0.9750623441396509
 0.02820796460176991 0.0005530973451327434 0.10619469026548672 0.8650442477876106
 0.1959544879898862 0.03666245259165613 0.27307206068268014 0.4943109987357775
 0.1486394557823129 0.03299319727891156 0.5319727891156463 0.2863945578231292
 0.08750632271117856 0.014162873039959535 0.7910976226605969 0.10723318158826504

MOTIF ENSG00000159217 HT-SELEX
letter-probability matrix: alength= 4 w= 7
 0.05256760862959587 0.8711637800060772 0.01701610452749924 0.059252506836827715
 0.9192048733568452 0.02244309073420968 0.02981724911830715 0.028534786790638023
 0.06664647076643442 0.03332323538321721 0.868524689488034 0.03150560436231445
 0.1632368329264039 0.0533658876874782 0.44750610394140217 0.33589117544471575
 0.32497512437810944 0.04915422885572139 0.05532338308457711 0.570547263681592
 0.5394655065257924 0.0046612802983219395 0.10441267868241144 0.3514605344934742
 0.0705984892504358 0.8329459616502034 0.06275421266705404 0.0337013364323068

MOTIF ENSG00000166173 HT-SELEX
letter-probability matrix: alength= 4 w= 20
 0.03449753589029355 0.0584958217270195 0.8270837797300192 0.07992286265266767
 0.010720111862036821 0.018410626893498018 0.013982754602656723 0.9568865066418084
 0.004220183486238532 0.19357798165137616 0.7495412844036697 0.052660550458715594
 0.011300738007380073 0.006457564575645757 0.07818265682656826 0.9040590405904059
 0.018007787151200518 0.5936080467229072 0.2589227774172615 0.12946138870863075
 0.12059324094335035 0.05446146365183564 0.11524434719183078 0.7097009482129832
 0.04692438609287625 0.12788718696814977 0.7909068806224168 0.034281546316557256
 0.05689277899343545 0.4675419401896426 0.12715779236566982 0.34840748845125213
 0.15511791879406758 0.07342572331631413 0.23073182591782154 0.5407245319717967
 0.15803549720398735 0.10551908582543156 0.325066861171894 0.4113785557986871
 0.1237539508874301 0.12302455628495015 0.49550206661804036 0.2577194262095794
 0.14344760515438854 0.22052030148310237 0.3834184293702893 0.2526136639922198
 0.16460004862630684 0.28665207877461707 0.18429370289326524 0.36445416970581085
 0.10017019207391199 0.45854607342572334 0.13931436907366884 0.30196936542669583
 0.012209438835407373 0.011974641934726462 0.9488142756515614 0.027001643578304767
 0.8875 0.02142857142857143 0.062276785714285715 0.028794642857142855
 0.9571095571095571 0.010722610722610723 0.015617715617715617 0.01655011655011655
 0.04796274738067521 0.004656577415599534 0.919674039580908 0.02770663562281723
 0.008831048105972577 0.01254938415059261 0.024401580292818963 0.9542179874506158
 0.0634441087613293 0.771687526974536 0.09214501510574018 0.07272334915839447

MOTIF ENSG00000174720 HT-SELEX
letter-probability matrix: alength= 4 w= 10
 0.10348929421094369 0.10586835844567803 0.6260904044409199 0.16455194290245836
 0.3647902869757174 0.023730684326710817 0.5060706401766004 0.1054083885209713
 0.06708268330733229 0.0358814352574103 0.07592303692147685 0.8211128445137805
 0.030686799805163176 0.7691183633706771 0.09498295177788602 0.10521188504627374
 0.009809932556713672 0.008583690987124463 0.9681177191906806 0.0134886572654813
 0.007847533632286996 0.02914798206278027 0.07791479820627803 0.8850896860986547
 0.04017857142857143 0.027901785714285716 0.8811383928571429 0.05078125
 0.7148030783159801 0.04300588501584427 0.16523313716613852 0.07695789950203712
 0.022614451185879757 0.04467733039161611 0.06177606177606178 0.8709321566464424
 0.032834101382488476 0.029953917050691243 0.9095622119815668 0.027649769585253458

MOTIF ENSG00000160294 HT-SELEX
letter-probability matrix: alength= 4 w= 9
 0.048197431533343646 0.7972690700912889 0.021700448708030326 0.13283304966733714
 0.018216888126875268 0.0 0.9816164213935324 0.00016669047959232272
 0.0001444112833349379 0.9921536536054684 4.81370944449793e-05 0.007653798016751709
 9.701673538685423e-05 0.9998059665292263 2.4254183846713557e-05 7.276255154014067e-05
 0.9998544678373921 2.425536043465606e-05 9.702144173862424e-05 2.425536043465606e-05
 2.4248890613254443e-05 0.0003394844685855622 0.9995877688595747 4.8497781226508885e-05
 0.0 9.701202949165696e-05 0.00014551804423748544 0.9997574699262709
 0.05135757017947538 2.300966405890474e-05 0.9485043718361712 0.0001150483202945237
 9.697674982422964e-05 0.9993938953135986 4.848837491211482e-05 0.0004606395616650908

MOTIF ENSG00000183496 HT-SELEX
letter-probability matrix: alength= 4 w= 6
 0.09867092866756393 0.034825033647375506 0.15107671601615075 0.7154273216689099
 0.7434440559440559 0.0024475524475524478 0.1347027972027972 0.11940559440559441
 0.048685048685048686 0.0 0.17735917735917736 0.773955773955774
 0.22030149106996558 0.0 0.08291004424053744 0.696788464689497
 0.04633529907329402 0.0037910699241786015 0.05423336141533277 0.8956402695871946
 0.8274956217162872 0.001945903872348706 0.05195563339171045 0.11860284101965363

MOTIF ENSG00000176624 HT-SELEX
letter-probability matrix: alength= 4 w= 12
 0.3965646004480956 0.021657953696788648 0.34167289021657954 0.24010455563853622
 0.09111277072442121 0.13778939507094848 0.2748319641523525 0.49626587005227785
 0.8899966766367564 0.0019940179461615153 0.07211698238617481 0.03589232303090728
 0.03519220357336221 0.008121277747698972 0.7249593936112615 0.23172712506767731
 0.8003586371787209 0.004482964734010759 0.05588762701733413 0.13927077106993424
 0.044481054365733116 0.0019769357495881385 0.8823723228995057 0.07116968698517298
 0.1379495437466452 0.006977992485238862 0.13633923778851315 0.7187332259796028
 0.38426797139631164 0.005269100489273617 0.10651110274745954 0.5039518253669553
 0.039575971731448764 0.0 0.014134275618374558 0.9462897526501767
 0.9193271541366289 0.0 0.015447991761071062 0.06522485410230003
 0.11519234948924147 0.011301890893284068 0.29145837861334495 0.5820473810041296
 0.3140403286034354 0.015309932785660941 0.2811799850634802 0.38946975354742347

MOTIF ENSG00000181588 HT-SELEX
letter-probability matrix: alength= 4 w= 9
 0.15332771693344566 0.005054759898904802 0.14490311710193765 0.6967144060657119
 0.31257557436517536 0.010278113663845224 0.27267230955259975 0.40447400241837966
 0.07587719298245614 0.012280701754385965 0.18640350877192982 0.7254385964912281
 0.40794627867935085 0.0 0.5176273083379966 0.07442641298265248
 0.0 0.0 0.035568513119533525 0.9644314868804664
 0.15521271622253388 0.0 0.07152875175315568 0.7732585320243104
 0.0 0.0 0.0 1.0
 0.834510595358224 0.0025227043390514633 0.11099899091826437 0.05196770938446014
 0.0 0.0 0.11739594450373532 0.8826040554962646

MOTIF ENSG00000174740 HT-SELEX
letter-probability matrix: alength= 4 w= 15
 0.20833333333333334 0.17485119047619047 0.16741071428571427 0.4494047619047619
 0.0851581508515815 0.1362530413625304 0.09184914841849148 0.6867396593673966
 0.9988851727982163 0.0 0.0007432181345224824 0.0003716090672612412
 0.08276098901098901 0.044642857142857144 0.36538461538461536 0.5072115384615384
 0.9988847583643122 0.0007434944237918215 0.0003717472118959108 0.0
 0.9973997028231798 0.0003714710252600297 0.0003714710252600297 0.0018573551263001485
 0.9992567818654775 0.0 0.0003716090672612412 0.0003716090672612412
 0.07924403183023873 0.016909814323607428 0.08985411140583555 0.8139920424403183
 0.0 0.0007432181345224824 0.0 0.9992567818654775
 0.9795918367346939 0.0007288629737609329 0.008746355685131196 0.010932944606413994
 0.008714596949891068 0.9771241830065359 0.014161220043572984 0.0
 0.0 0.005569996286669142 0.0 0.9944300037133309
 0.8102189781021898 0.023224950232249502 0.16058394160583941 0.005972130059721301
 0.003435352904434728 0.7904434728294816 0.014053716427232979 0.1920674578388507
 0.612578977599081 0.08874210224009191 0.19500287191269386 0.10367604824813326

MOTIF ENSG00000134644 HT-SELEX
letter-probability matrix: alength= 4 w= 9
 0.28723291166152864 0.04741150207292442 0.45997661316041244 0.20537897310513448
 0.0 0.0 0.0 1.0
 0.003917831427361288 0.0 0.9960821685726388 0.0
 0.0 0.008166684116846403 0.006910271175793111 0.9849230447073605
 0.9970323264440911 0.00296767355590885 0.0 0.0
 0.7060192134494145 0.03947763434404083 0.0795556889822876 0.17494746322425697
 0.9813269351137075 0.0 0.015856457333611518 0.002816607552680993
 0.0 0.0 0.0 1.0
 0.9890652928188414 0.0 0.0028388182104931133 0.008095888970665545

MOTIF ENSG00000055917 HT-SELEX
letter-probability matrix: alength= 4 w= 11
 0.3131367472512693 0.056924783968259306 0.34635688107326584 0.28358158770720554
 0.008183852757457328 0.0 0.0016367705514914654 0.9901793766910512
 0.013658665959421827 0.0 0.9832250364673121 0.003116297573266145
 0.0008065329166246597 0.0 0.0 0.9991934670833753
 0.930371841270858 0.0 0.049226531723409024 0.020401627005732954
 0.5195309672593915 0.11146765749028881 0.13979298863608947 0.2292083866142302
 0.929394766415155 0.0 0.03772676192005137 0.032878471664793706
 0.0478763987792472 0.0 0.02037767039674466 0.9317459308240081
 0.8746685360724191 0.001158218781431924 0.0666585388155689 0.05751470633058002
 0.12541381726796028 0.028973249885218568 0.575864485416717 0.2697484474301041
 0.1457003163646822 0.09657750934713834 0.42165660051768766 0.3360655737704918

MOTIF ENSG00000112531 HT-SELEX
letter-probability matrix: alength= 4 w= 10
 0.27377529216239743 0.0627060964993273 0.1986968106154536 0.46482180072282164
 0.11965811965811966 0.06275831627944305 0.057040247181092255 0.760543316881345
 0.9744479576360505 0.003367522685792139 0.012827433742063186 0.009357085936094188
 0.036675994311665676 0.8694664892884995 0.002614798843983669 0.09124271755585119
 0.00039526733247252893 0.0005533742654615405 0.00015810693298901158 0.9988932514690769
 0.9961370683765176 0.0007883533925474326 0.0016292636779313607 0.0014453145530036265
 0.9973426647021679 0.0010524100189433804 0.0011050305198905493 0.0004998947589981057
 0.0039979565999600205 0.8419474490815805 0.00033316304999666835 0.1537214312684628
 0.804956255839633 0.09863671111866135 0.018729295846428268 0.07767773719527733
 0.49239220373264686 0.05185253286751862 0.07688241242989795 0.37887285096993656

MOTIF ENSG00000239306 HT-SELEX
letter-probability matrix: alength= 4 w= 6
 0.13866666666666666 0.12955555555555556 0.2791111111111111 0.45266666666666666
 0.041244083840432724 0.015889114266396213 0.6886409736308317 0.2542258282623394
 0.0 0.8723768736616703 0.10877944325481799 0.018843683083511777
 0.002839564600094652 0.00473260766682442 0.9640321817321345 0.02839564600094652
 0.0 0.035161744022503515 0.009845288326300985 0.9549929676511955
 0.022343821249430004 0.9288645690834473 0.02553579571363429 0.023255813953488372

MOTIF ENSG00000106344 HT-SELEX
letter-probability matrix: alength= 4 w= 10
 0.01939655172413793 0.04741379310344827 0.8987068965517241 0.034482758620689655
 0.0022988505747126436 0.02528735632183908 0.013793103448275862 0.9586206896551724
 0.0 0.0 0.9928571428571429 0.007142857142857143
 0.009501187648456057 0.0 0.9904988123515439 0.0
 0.0071090047393364926 0.004739336492890996 0.9881516587677726 0.0
 0.010657193605683837 0.2344582593250444 0.014209591474245116 0.7406749555950266
 0.02178649237472767 0.9084967320261438 0.05664488017429194 0.013071895424836602
 0.03275109170305677 0.0 0.056768558951965066 0.9104803493449781
 0.023706896551724137 0.8987068965517241 0.0603448275862069 0.017241379310344827
 0.010706638115631691 0.0 0.892933618843683 0.09635974304068523

MOTIF ENSG00000132819 HT-SELEX
letter-probability matrix: alength= 4 w= 13
 0.12981455064194009 0.029243937232524966 0.11126961483594865 0.7296718972895863
 0.15666901905434016 0.01058574453069866 0.6245589273112209 0.2081863091037403
 0.13583282114320835 0.009834050399508297 0.7246465888137676 0.12968653964351567
 0.227735368956743 0.0 0.022264631043257 0.75
 0.023993808049535603 0.0046439628482972135 0.9125386996904025 0.058823529411764705
 0.1037593984962406 0.0 0.009774436090225564 0.8864661654135338
 0.0 0.002284843869002285 0.897943640517898 0.09977151561309977
 0.13181148748159058 0.0 0.0 0.8681885125184094
 0.002403846153846154 0.0 0.9447115384615384 0.052884615384615384
 0.08604651162790698 0.0 0.0 0.913953488372093
 0.09880636604774536 0.0 0.7818302387267905 0.11936339522546419
 0.1108891108891109 0.0 0.3001998001998002 0.5889110889110889
 0.17135023989033585 0.019876627827278958 0.429061000685401 0.37971213159698425

MOTIF ENSG00000173933 HT-SELEX
letter-probability matrix: alength= 4 w= 9
 0.002824858757062147 0.9799905838041432 0.012711864406779662 0.004472693032015066
 0.0023906287353573988 0.0004781257470714798 0.9952187425292852 0.0019125029882859192
 0.001897083234526915 0.006639791320844202 0.9871946881669433 0.0042684372776855585
 0.004461141112937309 0.000704390702042733 0.9774594975346326 0.017374970650387414
 0.0025870178739416747 0.0061147695202257765 0.979068673565381 0.012229539040451553
 0.01028101439342015 0.02901530728809687 0.009595613433858808 0.9511080648846242
 0.4587617089330592 0.019191226867717615 0.49211788896504455 0.02992917523417866
 0.03903345724907063 0.0604089219330855 0.12676579925650558 0.7737918215613383
 0.04570578231292517 0.021258503401360544 0.8849914965986394 0.04804421768707483

MOTIF ENSG00000126254 HT-SELEX
letter-probability matrix: alength= 4 w= 9
 0.13604117401585755 0.5039643900403394 0.21087772986507164 0.1491167060787314
 0.05728276961621683 0.07630110465778385 0.8185855825076871 0.04783054321831227
 0.31139309841153917 0.0277524192075954 0.6561986488953807 0.004655833485484755
 0.9753052917232021 0.0 0.010312075983717774 0.014382632293080054
 0.979291553133515 0.0014986376021798365 0.019209809264305176 0.0
 0.0008307947936859596 0.9952921628357796 0.003877042370534478 0.0
 0.0 0.0 0.024429967426710098 0.9755700325732899
 0.9764977584567314 0.0 0.011547344110854504 0.011954897432414074
 0.7213970293054998 0.18657165796868727 0.010839020473705338 0.08119229225210758

MOTIF ENSG00000151962 HT-SELEX
letter-probability matrix: alength= 4 w= 6
 0.13291834492859758 0.04320761625778103 0.5448553643354083 0.2790186744782131
 0.031815346225826574 0.039925140361821584 0.0 0.9282595134123518
 0.08835341365461848 0.043029259896729774 0.8537005163511188 0.01491681009753299
 0.7106017191977078 0.1251193887297039 0.10840496657115568 0.055873925501432664
 0.06623681125439625 0.021688159437280186 0.03985932004689332 0.8722157092614302
 0.02541942043721403 0.10116929334011185 0.11692933401118455 0.7564819522114896

MOTIF ENSG00000153250 HT-SELEX
letter-probability matrix: alength= 4 w= 10
 0.08188405797101449 0.06376811594202898 0.15289855072463768 0.7014492753623188
 0.0 0.07200720072007201 0.0 0.927992799279928
 0.9246636771300448 0.0 0.07533632286995516 0.0
 0.0 0.0 0.0018656716417910447 0.9981343283582089
 0.9990680335507922 0.0 0.0 0.0009319664492078285
 0.6907063197026022 0.048327137546468404 0.22973977695167286 0.031226765799256505
 0.0 0.19224683544303797 0.0007911392405063291 0.8069620253164557
 0.0 1.0 0.0 0.0
 0.9562890276538805 0.028545941123996433 0.015165031222123104 0.0
 0.9262792714657415 0.026019080659150044 0.04423243712055507 0.003469210754553339

MOTIF ENSG00000076067 HT-SELEX
letter-probability matrix: alength= 4 w= 9
 0.05549263873159683 0.7157417893544734 0.11551528878822197 0.11325028312570781
 0.1716686674669868 0.030012004801920768 0.758703481392557 0.03961584633853541
 0.011075949367088608 0.6993670886075949 0.058544303797468354 0.2310126582278481
 0.04138851802403204 0.0801068090787717 0.03471295060080107 0.8437917222963952
 0.7989886219974716 0.01643489254108723 0.1213653603034134 0.0632111251580278
 0.020558002936857563 0.030837004405286344 0.020558002936857563 0.9280469897209985
 0.7783251231527094 0.027093596059113302 0.10837438423645321 0.08620689655172414
 0.04192355117139334 0.10357583230579531 0.0752157829839704 0.7792848335388409
 0.7109111361079865 0.07874015748031496 0.06636670416197975 0.1439820022497188

MOTIF ENSG00000157110 HT-SELEX
letter-probability matrix: alength= 4 w= 7
 0.18873917228103945 0.23426371511068336 0.15024061597690086 0.4267564966313763
 0.6043157098819287 0.04240097714186006 0.27458849531786195 0.07869481765834933
 0.11928773122802974 0.127470754336426 0.5987437330720913 0.15449778136345302
 0.031368760064412235 0.012431561996779389 0.6692431561996779 0.28695652173913044
 0.0023536057239691207 0.9781585388815666 0.0 0.01948785539446432
 1.0 0.0 0.0 0.0
 0.0 1.0 0.0 0.0

MOTIF ENSG00000166831 HT-SELEX
letter-probability matrix: alength= 4 w= 5
 0.3959451999799267 0.12340041150198224 0.21898680182666733 0.2616675866914237
 0.11590578298927862 0.03343514893093622 0.42756401057788895 0.42309505750189624
 0.0 1.0 0.0 0.0
 1.0 0.0 0.0 0.0
 0.0 1.0 0.0 0.0

MOTIF ENSG00000185946 HT-SELEX
letter-probability matrix: alength= 4 w= 17
 0.1710741548527808 0.06972464558342421 0.5922164667393675 0.16698473282442747
 0.12659836984969716 0.07649742017497943 0.7066477230240036 0.09025648695131983
 0.1681134450997283 0.09104764429129945 0.5731230534755815 0.16771585713339077
 0.25652707201682146 0.11661117925354827 0.3360785000876117 0.2907832486420186
 0.3382289041453029 0.1250543147649257 0.13887199096202313 0.3978447901277483
 0.09188458787059853 0.028614577537556633 0.7862650027819729 0.09323583180987204
 0.006771372143327377 0.010815386062259005 0.9703752468729427 0.012037994921470892
 0.013159122725151656 0.010172655156322912 0.9698553429771348 0.006812879141390574
 0.1468880346773534 0.20111229246749 0.19743191297947166 0.454567759875685
 0.06933911159263272 0.2515709642470206 0.4841459010473095 0.19494402311303718
 0.005308056872037914 0.0 0.005308056872037914 0.9893838862559242
 0.9364372101482222 0.004728562335182322 0.0549240702009639 0.003910157315631536
 0.0025344973246972683 0.9774711348915799 0.009480897399793485 0.01051347038392941
 0.12541993281075028 0.006202084589542596 0.5951417004048583 0.2732362821948488
 0.03764184887904788 0.0077497924162745644 0.6696189685395332 0.2849893901651444
 0.030810623155702134 0.01918069779552161 0.8919458427356362 0.05806283631314008
 0.008838031444785562 0.0024188296585728906 0.9679970229788818 0.02074611591775979

MOTIF ENSG00000075856 HT-SELEX
letter-probability matrix: alength= 4 w= 8
 0.24575820081176392 0.050402555060216916 0.36512742032071327 0.33871182380730586
 0.003823209518473353 0.001054678487854718 0.9906726871230348 0.0044494248706370915
 0.02255616086184734 0.007712554324539389 0.049794943992165025 0.9199363408214483
 0.005491601080700106 0.001850111594032656 0.10994948901679784 0.8827087983084694
 1.0 0.0 0.0 0.0
 3.326790645064706e-05 0.0 0.9999667320935494 0.0
 0.05822733344949759 0.8729163036533658 0.04388104780159145 0.0249753150955451
 0.4289404167889639 0.0071323745230407985 0.4533020252421485 0.11062518344584679

MOTIF ENSG00000104852 HT-SELEX
letter-probability matrix: alength= 4 w= 9
 0.0014028524666822538 0.0 0.9985971475333177 0.0
 0.041969013532065114 0.026279662678956657 0.09413610511865071 0.8376152186703275
 0.000468055230517201 0.0 0.0 0.9995319447694828
 0.000468055230517201 0.9995319447694828 0.0 0.0
 1.0 0.0 0.0 0.0
 0.8560833834435758 0.043094808578873524 0.043495690519142115 0.0573261174584085
 0.003246000463714352 0.0034778576396939484 0.990261998608857 0.0030141432877347552
 0.08875432525951557 0.06885813148788927 0.7389273356401385 0.10346020761245675
 0.07002987056090275 0.023896448722203784 0.19731164951875207 0.7087620311981414

MOTIF ENSG00000077312 HT-SELEX
letter-probability matrix: alength= 4 w= 6
 0.19889224572004027 0.0593040170079445 0.3531386371265525 0.3886651001454627
 0.20107245978275815 0.10966588752921766 0.19771758559054037 0.4915440670974838
 0.005698300870285951 0.030304600082884377 0.925973891421467 0.03802320762536262
 0.0 0.9682049615426281 0.0 0.0317950384573719
 0.9843061674008811 0.0 0.015693832599118943 0.0
 0.0 1.0 0.0 0.0

MOTIF ENSG00000125870 HT-SELEX
letter-probability matrix: alength= 4 w= 10
 0.13329245861434702 0.18062538320049049 0.44009809932556715 0.24598405885959534
 0.04867880571393538 0.3707314082520998 0.3915149285758077 0.18907485745815708
 0.0398640700562018 0.710582494663007 0.18102208861586722 0.06853134666492397
 0.9716430358632193 0.009233885380674371 0.01816990349100441 0.0009531752651018706
 0.0002890340482108792 0.01687958841551535 0.04000231227238569 0.9428290652638881
 0.003282674772036474 0.000668693009118541 0.004559270516717325 0.9914893617021276
 0.0003058478101296795 0.0 0.9976755566430144 0.0020185955468558846
 0.0005472788081483734 0.9917908178777743 0.001945880206749772 0.005716023107327455
 1.0 0.0 0.0 0.0
 0.0027619638126373937 0.9193393833493039 0.06673806437066682 0.011160588467391918

MOTIF ENSG00000120948 HT-SELEX
letter-probability matrix: alength= 4 w= 9
 0.00035515567657156387 0.0 0.9783355037291346 0.021309340594293832
 0.16338694418164618 0.01892147587511826 0.0358561967833491 0.7818353831598864
 0.09257463088694902 0.0004310809354456299 0.8906132126306714 0.016381075546933938
 0.03176634861531301 0.002210844775424715 0.00442168955084943 0.9616011170584129
 0.007283582089552239 0.0011940298507462687 0.9867462686567164 0.004776119402985075
 0.6804446274186908 0.005928365582544257 0.11988472622478386 0.19374228077398106
 0.4905615576397958 0.0006529739997625549 0.4513831176540425 0.057402350706399145
 0.04442195231668916 0.0029239766081871343 0.02327935222672065 0.9293747188484031
 0.0106702234078026 0.0014449260864732689 0.9185283983550072 0.06935645215071691

MOTIF ENSG00000066654 HT-SELEX
letter-probability matrix: alength= 4 w= 10
 0.2510387811634349 0.06128808864265928 0.07756232686980609 0.6101108033240997
 0.0024067388688327317 0.0 0.9975932611311673 0.0
 0.0 0.9967935871743487 0.0032064128256513026 0.0
 0.0020016012810248197 0.00040032025620496394 0.9955964771817454 0.0020016012810248197
 0.00039323633503735744 0.9779787652379079 0.0 0.02162799842705466
 0.01814595660749507 0.0 0.9810650887573964 0.0007889546351084812
 0.0 0.0020064205457463883 0.9979935794542536 0.0
 0.059439252336448596 0.002616822429906542 0.00822429906542056 0.9297196261682243
 0.04744916161255797 0.5397788084195505 0.06528719229397074 0.3474848376739208
 0.07277882797731569 0.057655954631379965 0.08601134215500945 0.7835538752362949

MOTIF ENSG00000065978 HT-SELEX
letter-probability matrix: alength= 4 w= 10
 0.25177304964539005 0.07801418439716312 0.38652482269503546 0.28368794326241137
 0.13133208255159476 0.1350844277673546 0.2045028142589118 0.5290806754221389
 0.5562130177514792 0.005917159763313609 0.22287968441814596 0.21499013806706113
 0.706766917293233 0.09774436090225563 0.03258145363408521 0.16290726817042606
 0.02849740932642487 0.7305699481865285 0.19948186528497408 0.04145077720207254
 0.9825783972125436 0.0 0.013937282229965157 0.003484320557491289
 0.1402116402116402 0.010582010582010581 0.10317460317460317 0.746031746031746
 0.006872852233676976 0.9690721649484536 0.01718213058419244 0.006872852233676976
 0.14444444444444443 0.011111111111111112 0.6266666666666667 0.21777777777777776
 0.029411764705882353 0.22850678733031674 0.6380090497737556 0.10407239819004525

MOTIF ENSG00000006047 HT-SELEX
letter-probability matrix: alength= 4 w= 9
 0.23421828908554573 0.012389380530973451 0.45309734513274336 0.30029498525073745
 0.06555863342566944 0.08264081255771007 0.06925207756232687 0.7825484764542936
 0.8366238894373149 0.0 0.057749259624876606 0.10562685093780849
 0.8462306540189716 0.09385921118322517 0.0024962556165751375 0.05741387918122816
 0.0 0.8079122974261201 0.18636796949475692 0.005719733079122974
 0.9988214496169712 0.0 0.0 0.0011785503830288745
 0.026908292147171883 0.012081274025260845 0.030203185063152116 0.9308072487644151
 0.0 0.995302407516148 0.004697592483852026 0.0
 0.4672566371681416 0.09498525073746313 0.16932153392330385 0.26843657817109146

MOTIF ENSG00000163874 HT-SELEX
letter-probability matrix: alength= 4 w= 12
 0.15888382687927108 0.42312072892938496 0.19305239179954442 0.22494305239179954
 0.12547673531655226 0.12471395881006865 0.19107551487414187 0.5587337909992373
 0.13993316624895571 0.0910609857978279 0.10192147034252297 0.6670843776106934
 0.011122881355932203 0.00847457627118644 0.9258474576271186 0.05455508474576271
 0.0 0.8068731848983544 0.0590513068731849 0.1340755082284608
 0.08838987099856666 0.7974199713330148 0.06832298136645963 0.04586717630195891
 0.7093942054433714 0.16681299385425813 0.021071115013169446 0.10272168568920105
 0.409903011740684 0.05308831036242981 0.0781010719754977 0.45890760592138846
 0.6391919191919192 0.01575757575757576 0.28565656565656566 0.059393939393939395
 0.0399002493765586 0.000997506234413965 0.8488778054862843 0.11022443890274314
 0.05494037478705281 0.009369676320272573 0.2393526405451448 0.6963373083475298
 0.055495103373231776 0.000544069640914037 0.720892274211099 0.22306855277475518

MOTIF ENSG00000149289 HT-SELEX
letter-probability matrix: alength= 4 w= 16
 0.2638440860215054 0.005510752688172043 0.45120967741935486 0.2794354838709677
 0.03391408431972337 0.034446069956111186 0.049075674956776165 0.8825641707673892
 0.00013439053890606102 0.00013439053890606102 0.9995968283832818 0.00013439053890606102
 0.0003977724741447892 0.8521612304428533 0.0064969504110315565 0.1409440466719703
 0.001074258090506244 0.0 0.9989257419094938 0.0
 0.2060483870967742 0.054704301075268816 0.4135752688172043 0.3256720430107527
 0.010017363429945239 0.9893148123413917 0.0005342593829304127 0.00013356484573260317
 0.9532897370879487 0.0 0.046576805018016816 0.00013345789403443215
 0.0 0.00013435442697836894 0.9995969367190649 0.0002687088539567379
 0.0 0.00013440860215053763 0.0 0.9998655913978495
 0.0 0.999731255038968 0.0 0.0002687449610319806
 0.0 0.00040311744154797097 0.9994625100779361 0.0001343724805159903
 0.00013439053890606102 0.0 0.9995968283832818 0.00026878107781212203
 0.0 0.0 0.0 1.0
 1.0 0.0 0.0 0.0
 0.0 0.0 1.0 0.0

MOTIF ENSG00000144161 HT-SELEX
letter-probability matrix: alength= 4 w= 5
 0.09096409842678499 0.06676079064138765 0.6916095199677289 0.15066559096409843
 0.02711251694532309 0.7747401717126073 0.02349751468594668 0.1746497966561229
 0.03648890022965042 0.009951518244450114 0.0785914774177086 0.8749681041081908
 0.012018641157714005 0.021829776796664212 0.12509197939661515 0.8410596026490066
 0.022378983215762586 0.0858671855996108 0.8341036244222817 0.057650206762344926

MOTIF ENSG00000139168 HT-SELEX
letter-probability matrix: alength= 4 w= 9
 0.05784262636789995 0.014590932777488274 0.8957790515893694 0.03178738926524231
 0.01638418079096045 0.003389830508474576 0.00903954802259887 0.9711864406779661
 0.007896221094190638 0.001692047377326565 0.9695431472081218 0.02086858432036097
 0.0022935779816513763 0.0017201834862385322 0.9856651376146789 0.010321100917431193
 0.7582708425231584 0.032642258491398325 0.11865902073224525 0.09042787825319806
 0.12922465208747516 0.8543737574552683 0.016401590457256462 0.0
 0.0005649717514124294 0.0 0.02824858757062147 0.9711864406779661
 0.0 0.0005810575246949448 0.0005810575246949448 0.9988378849506101
 0.9965217391304347 0.0011594202898550724 0.002318840579710145 0.0

MOTIF ENSG00000128016 HT-SELEX
letter-probability matrix: alength= 4 w= 8
 0.10982480512464304 0.13274677780350388 0.19024465539862623 0.5671837616732268
 0.0021724372029871012 0.0 0.0 0.9978275627970129
 1.0 0.0 0.0 0.0
 0.0 0.0 0.0 1.0
 0.0 0.0 0.007294340132378766 0.9927056598676213
 0.0 0.0 0.0 1.0
 1.0 0.0 0.0 0.0
 0.0 0.0 0.0 1.0

MOTIF ENSG00000056097 HT-SELEX
letter-probability matrix: alength= 4 w= 13
 0.039353661714881416 0.007818608287724784 0.008861089392754757 0.9439666406046391
 0.030695078640284118 0.016996448503297817 0.02815829528158295 0.9241501775748351
 0.0016339869281045752 0.0002723311546840959 0.9978213507625272 0.0002723311546840959
 0.0002679528403001072 0.9817792068595927 0.01795284030010718 0.0
 0.0005455537370430987 0.9994544462629569 0.0 0.0
 0.0 0.0 1.0 0.0
 0.0002726281352235551 0.0005452562704471102 0.9989094874591058 0.0002726281352235551
 1.0 0.0 0.0 0.0
 0.00027285129604365623 0.0 0.0 0.9997271487039563
 0.005151843817787419 0.0021691973969631237 0.9915943600867679 0.0010845986984815619
 0.002171552660152009 0.6012486427795874 0.06813246471226928 0.3284473398479913
 0.02870687384777456 0.7039768238082696 0.023176191730313406 0.24414011061364235
 0.04344587884806356 0.0029791459781529296 0.8609731876861966 0.09260178748758689
